  1.2800000e+003  7.5726000e+004  9.7924079e+001  1.0000000e+000
  1.2801000e+003  7.7622200e+004  9.7940506e+001  1.0000000e+000
  1.2802000e+003  8.0165200e+004  9.8081292e+001  1.0000000e+000
  1.2803000e+003  8.1041200e+004  9.8007047e+001  1.0000000e+000
  1.2804000e+003  8.3944000e+004  9.7816777e+001  1.0000000e+000
  1.2805000e+003  8.7913000e+004  9.8182946e+001  1.0000000e+000
  1.2806000e+003  9.0437200e+004  9.8065693e+001  1.0000000e+000
  1.2807000e+003  7.9337000e+004  9.7845896e+001  1.0000000e+000
  1.2808000e+003  7.6991000e+004  9.7962961e+001  1.0000000e+000
  1.2809000e+003  8.0188400e+004  9.8021352e+001  1.0000000e+000
  1.2810000e+003  8.2774000e+004  9.7924144e+001  1.0000000e+000
  1.2811000e+003  8.2621200e+004  9.7990204e+001  1.0000000e+000
  1.2812000e+003  8.5835000e+004  9.8034862e+001  1.0000000e+000
  1.2813000e+003  8.9094000e+004  9.8104489e+001  1.0000000e+000
  1.2814000e+003  8.3628600e+004  9.7860829e+001  1.0000000e+000
  1.2815000e+003  7.6720000e+004  9.7898435e+001  1.0000000e+000
  1.2816000e+003  8.0948400e+004  9.7937347e+001  1.0000000e+000
  1.2817000e+003  8.3517200e+004  9.8018967e+001  1.0000000e+000
  1.2818000e+003  8.2541400e+004  9.8136587e+001  1.0000000e+000
  1.2819000e+003  8.6137400e+004  9.8195958e+001  1.0000000e+000
  1.2820000e+003  8.9317000e+004  9.8076703e+001  1.0000000e+000
  1.2821000e+003  8.0303800e+004  9.8084018e+001  1.0000000e+000
  1.2822000e+003  7.6162800e+004  9.7988801e+001  1.0000000e+000
  1.2823000e+003  7.9590400e+004  9.7993369e+001  1.0000000e+000
  1.2824000e+003  8.1713000e+004  9.7923627e+001  1.0000000e+000
  1.2825000e+003  8.2050000e+004  9.8053262e+001  1.0000000e+000
  1.2826000e+003  8.5645200e+004  9.8128002e+001  1.0000000e+000
  1.2827000e+003  8.8577000e+004  9.8134160e+001  1.0000000e+000
  1.2828000e+003  8.0221600e+004  9.7977076e+001  1.0000000e+000
  1.2829000e+003  7.4744000e+004  9.8026951e+001  1.0000000e+000
  1.2830000e+003  7.6441000e+004  9.8068666e+001  1.0000000e+000
  1.2831000e+003  7.9500600e+004  9.7951104e+001  1.0000000e+000
  1.2832000e+003  7.9965400e+004  9.8029300e+001  1.0000000e+000
  1.2833000e+003  8.3047200e+004  9.8042257e+001  1.0000000e+000
  1.2834000e+003  8.6132000e+004  9.8059254e+001  1.0000000e+000
  1.2835000e+003  8.4232000e+004  9.7945941e+001  1.0000000e+000
  1.2836000e+003  7.4165800e+004  9.8142542e+001  1.0000000e+000
  1.2837000e+003  7.5848800e+004  9.8105889e+001  1.0000000e+000
  1.2838000e+003  7.9052000e+004  9.7771049e+001  1.0000000e+000
  1.2839000e+003  7.9210200e+004  9.7900069e+001  1.0000000e+000
  1.2840000e+003  8.1769000e+004  9.7977199e+001  1.0000000e+000
  1.2841000e+003  8.4751600e+004  9.7809028e+001  1.0000000e+000
  1.2842000e+003  8.1305800e+004  9.8167509e+001  1.0000000e+000
  1.2843000e+003  7.4595800e+004  9.8034580e+001  1.0000000e+000
  1.2844000e+003  7.7443000e+004  9.8076403e+001  1.0000000e+000
  1.2845000e+003  7.9527000e+004  9.7899347e+001  1.0000000e+000
  1.2846000e+003  7.9186800e+004  9.8032529e+001  1.0000000e+000
  1.2847000e+003  8.1802400e+004  9.8183062e+001  1.0000000e+000
  1.2848000e+003  8.4204400e+004  9.8086538e+001  1.0000000e+000
  1.2849000e+003  7.5462200e+004  9.8093759e+001  1.0000000e+000
  1.2850000e+003  7.4404000e+004  9.8075426e+001  1.0000000e+000
  1.2851000e+003  7.6301800e+004  9.8009844e+001  1.0000000e+000
  1.2852000e+003  7.7654400e+004  9.7905424e+001  1.0000000e+000
  1.2853000e+003  7.8754200e+004  9.8231330e+001  1.0000000e+000
  1.2854000e+003  8.1900400e+004  9.7882253e+001  1.0000000e+000
  1.2855000e+003  8.4253000e+004  9.8063877e+001  1.0000000e+000
  1.2856000e+003  7.4677400e+004  9.8057943e+001  1.0000000e+000
  1.2857000e+003  7.2751600e+004  9.8226789e+001  1.0000000e+000
  1.2858000e+003  7.3523000e+004  9.7987829e+001  1.0000000e+000
  1.2859000e+003  7.6381000e+004  9.8167658e+001  1.0000000e+000
  1.2860000e+003  7.6961000e+004  9.7971301e+001  1.0000000e+000
  1.2861000e+003  8.0268000e+004  9.8043207e+001  1.0000000e+000
  1.2862000e+003  8.2793600e+004  9.8098445e+001  1.0000000e+000
  1.2863000e+003  8.4668200e+004  9.7928875e+001  1.0000000e+000
  1.2864000e+003  7.2332800e+004  9.8085750e+001  1.0000000e+000
  1.2865000e+003  7.3013000e+004  9.8201236e+001  1.0000000e+000
  1.2866000e+003  7.5601800e+004  9.8034824e+001  1.0000000e+000
  1.2867000e+003  7.6463600e+004  9.8286278e+001  1.0000000e+000
  1.2868000e+003  7.8492200e+004  9.7959959e+001  1.0000000e+000
  1.2869000e+003  8.1775000e+004  9.8306981e+001  1.0000000e+000
  1.2870000e+003  8.4386000e+004  9.8027425e+001  1.0000000e+000
  1.2871000e+003  8.3016800e+004  9.8057090e+001  1.0000000e+000
  1.2872000e+003  7.2937400e+004  9.7939343e+001  1.0000000e+000
  1.2873000e+003  7.5671000e+004  9.7836455e+001  1.0000000e+000
  1.2874000e+003  7.8108800e+004  9.8000701e+001  1.0000000e+000
  1.2875000e+003  7.7654000e+004  9.8092137e+001  1.0000000e+000
  1.2876000e+003  8.0185600e+004  9.8117075e+001  1.0000000e+000
  1.2877000e+003  8.2886600e+004  9.7867573e+001  1.0000000e+000
  1.2878000e+003  8.5699000e+004  9.7843723e+001  1.0000000e+000
  1.2879000e+003  7.3181600e+004  9.7993190e+001  1.0000000e+000
  1.2880000e+003  7.4227000e+004  9.8042269e+001  1.0000000e+000
  1.2881000e+003  7.6929400e+004  9.8280359e+001  1.0000000e+000
  1.2882000e+003  7.7200000e+004  9.8008646e+001  1.0000000e+000
  1.2883000e+003  7.9906400e+004  9.8059341e+001  1.0000000e+000
  1.2884000e+003  8.3211600e+004  9.8136311e+001  1.0000000e+000
  1.2885000e+003  8.5826000e+004  9.7989940e+001  1.0000000e+000
  1.2886000e+003  8.0533600e+004  9.7931929e+001  1.0000000e+000
  1.2887000e+003  7.2713600e+004  9.7885248e+001  1.0000000e+000
  1.2888000e+003  7.4171600e+004  9.8162965e+001  1.0000000e+000
  1.2889000e+003  7.7395400e+004  9.8095007e+001  1.0000000e+000
  1.2890000e+003  7.7892000e+004  9.8212063e+001  1.0000000e+000
  1.2891000e+003  8.0862400e+004  9.8003124e+001  1.0000000e+000
  1.2892000e+003  8.4559000e+004  9.8150467e+001  1.0000000e+000
  1.2893000e+003  8.7522200e+004  9.8255584e+001  1.0000000e+000
  1.2894000e+003  8.4914200e+004  9.8111910e+001  1.0000000e+000
  1.2895000e+003  7.3418000e+004  9.8054569e+001  1.0000000e+000
  1.2896000e+003  7.5577800e+004  9.7892826e+001  1.0000000e+000
  1.2897000e+003  7.8683000e+004  9.8178839e+001  1.0000000e+000
  1.2898000e+003  7.9286800e+004  9.8124428e+001  1.0000000e+000
  1.2899000e+003  8.2109200e+004  9.7979114e+001  1.0000000e+000
  1.2900000e+003  8.5835000e+004  9.8111410e+001  1.0000000e+000
  1.2901000e+003  8.8790600e+004  9.8272899e+001  1.0000000e+000
  1.2902000e+003  9.1341800e+004  9.8096032e+001  1.0000000e+000
  1.2903000e+003  7.4978000e+004  9.8084924e+001  1.0000000e+000
  1.2904000e+003  7.8491600e+004  9.8191719e+001  1.0000000e+000
  1.2905000e+003  8.1780000e+004  9.8062750e+001  1.0000000e+000
  1.2906000e+003  8.0752000e+004  9.7931953e+001  1.0000000e+000
  1.2907000e+003  8.3227400e+004  9.8010851e+001  1.0000000e+000
  1.2908000e+003  8.6339000e+004  9.8143253e+001  1.0000000e+000
  1.2909000e+003  9.0572400e+004  9.7977726e+001  1.0000000e+000
  1.2910000e+003  7.7729000e+004  9.8207308e+001  1.0000000e+000
  1.2911000e+003  7.7009200e+004  9.8095936e+001  1.0000000e+000
  1.2912000e+003  8.1452600e+004  9.8084511e+001  1.0000000e+000
  1.2913000e+003  8.2503400e+004  9.8112354e+001  1.0000000e+000
  1.2914000e+003  8.3149200e+004  9.8068138e+001  1.0000000e+000
  1.2915000e+003  8.6961000e+004  9.8018601e+001  1.0000000e+000
  1.2916000e+003  8.9991400e+004  9.8124650e+001  1.0000000e+000
  1.2917000e+003  8.0323600e+004  9.8208986e+001  1.0000000e+000
  1.2918000e+003  7.5592800e+004  9.8243805e+001  1.0000000e+000
  1.2919000e+003  7.8342400e+004  9.8011362e+001  1.0000000e+000
  1.2920000e+003  8.1224000e+004  9.8163695e+001  1.0000000e+000
  1.2921000e+003  8.1663600e+004  9.7981562e+001  1.0000000e+000
  1.2922000e+003  8.5698000e+004  9.8215103e+001  1.0000000e+000
  1.2923000e+003  8.9274400e+004  9.8088503e+001  1.0000000e+000
  1.2924000e+003  9.1299000e+004  9.8110247e+001  1.0000000e+000
  1.2925000e+003  7.4763000e+004  9.8261071e+001  1.0000000e+000
  1.2926000e+003  7.6834200e+004  9.7883257e+001  1.0000000e+000
  1.2927000e+003  7.9693200e+004  9.8103823e+001  1.0000000e+000
  1.2928000e+003  8.1230000e+004  9.7985287e+001  1.0000000e+000
  1.2929000e+003  8.3791600e+004  9.7939519e+001  1.0000000e+000
  1.2930000e+003  8.7891000e+004  9.8160513e+001  1.0000000e+000
  1.2931000e+003  9.0966400e+004  9.8057748e+001  1.0000000e+000
  1.2932000e+003  7.7585800e+004  9.8059315e+001  1.0000000e+000
  1.2933000e+003  7.6341400e+004  9.8109506e+001  1.0000000e+000
  1.2934000e+003  7.9782800e+004  9.8059024e+001  1.0000000e+000
  1.2935000e+003  8.1448000e+004  9.8047767e+001  1.0000000e+000
  1.2936000e+003  8.2378400e+004  9.8193314e+001  1.0000000e+000
  1.2937000e+003  8.5750600e+004  9.8025531e+001  1.0000000e+000
  1.2938000e+003  8.9208000e+004  9.8082657e+001  1.0000000e+000
  1.2939000e+003  7.7830400e+004  9.8159330e+001  1.0000000e+000
  1.2940000e+003  7.6432000e+004  9.8031246e+001  1.0000000e+000
  1.2941000e+003  8.1079000e+004  9.8112208e+001  1.0000000e+000
  1.2942000e+003  8.1387000e+004  9.8177331e+001  1.0000000e+000
  1.2943000e+003  8.2313400e+004  9.8131555e+001  1.0000000e+000
  1.2944000e+003  8.5962800e+004  9.8375742e+001  1.0000000e+000
  1.2945000e+003  8.9176000e+004  9.7988604e+001  1.0000000e+000
  1.2946000e+003  7.5336600e+004  9.8223151e+001  1.0000000e+000
  1.2947000e+003  7.6075800e+004  9.8200156e+001  1.0000000e+000
  1.2948000e+003  7.9347400e+004  9.8040576e+001  1.0000000e+000
  1.2949000e+003  8.0240600e+004  9.8066894e+001  1.0000000e+000
  1.2950000e+003  8.1911000e+004  9.8133731e+001  1.0000000e+000
  1.2951000e+003  8.6004800e+004  9.8127544e+001  1.0000000e+000
  1.2952000e+003  8.8708200e+004  9.8122701e+001  1.0000000e+000
  1.2953000e+003  7.6419600e+004  9.7976172e+001  1.0000000e+000
  1.2954000e+003  7.4045400e+004  9.8303930e+001  1.0000000e+000
  1.2955000e+003  7.6104000e+004  9.8088419e+001  1.0000000e+000
  1.2956000e+003  7.9267200e+004  9.8146436e+001  1.0000000e+000
  1.2957000e+003  8.0108600e+004  9.8167345e+001  1.0000000e+000
  1.2958000e+003  8.3990400e+004  9.8232247e+001  1.0000000e+000
  1.2959000e+003  8.7546200e+004  9.8193007e+001  1.0000000e+000
  1.2960000e+003  8.6230000e+004  9.8168227e+001  1.0000000e+000
  1.2961000e+003  7.3929400e+004  9.8005329e+001  1.0000000e+000
  1.2962000e+003  7.6348000e+004  9.8244045e+001  1.0000000e+000
  1.2963000e+003  7.9378800e+004  9.8308172e+001  1.0000000e+000
  1.2964000e+003  7.9167400e+004  9.8006733e+001  1.0000000e+000
  1.2965000e+003  8.1945000e+004  9.7998833e+001  1.0000000e+000
  1.2966000e+003  8.5859400e+004  9.8146524e+001  1.0000000e+000
  1.2967000e+003  8.7647200e+004  9.8163888e+001  1.0000000e+000
  1.2968000e+003  7.4164800e+004  9.8073174e+001  1.0000000e+000
  1.2969000e+003  7.8001400e+004  9.8102797e+001  1.0000000e+000
  1.2970000e+003  8.1111000e+004  9.8158211e+001  1.0000000e+000
  1.2971000e+003  8.0637200e+004  9.8038441e+001  1.0000000e+000
  1.2972000e+003  8.3751600e+004  9.8237902e+001  1.0000000e+000
  1.2973000e+003  8.6684200e+004  9.8172351e+001  1.0000000e+000
  1.2974000e+003  8.5073600e+004  9.8183110e+001  1.0000000e+000
  1.2975000e+003  7.3985000e+004  9.8329591e+001  1.0000000e+000
  1.2976000e+003  7.6853600e+004  9.8094099e+001  1.0000000e+000
  1.2977000e+003  7.9884800e+004  9.8328677e+001  1.0000000e+000
  1.2978000e+003  8.0595400e+004  9.8280983e+001  1.0000000e+000
  1.2979000e+003  8.3784800e+004  9.8160658e+001  1.0000000e+000
  1.2980000e+003  8.7442000e+004  9.8210620e+001  1.0000000e+000
  1.2981000e+003  9.0512000e+004  9.8322985e+001  1.0000000e+000
  1.2982000e+003  7.5149000e+004  9.8215626e+001  1.0000000e+000
  1.2983000e+003  7.5564000e+004  9.8232327e+001  1.0000000e+000
  1.2984000e+003  7.8529800e+004  9.8226515e+001  1.0000000e+000
  1.2985000e+003  8.1269000e+004  9.8181248e+001  1.0000000e+000
  1.2986000e+003  8.3157200e+004  9.8321896e+001  1.0000000e+000
  1.2987000e+003  8.8433000e+004  9.8290145e+001  1.0000000e+000
  1.2988000e+003  9.2074000e+004  9.8366436e+001  1.0000000e+000
  1.2989000e+003  9.1474800e+004  9.8154908e+001  1.0000000e+000
  1.2990000e+003  7.5947000e+004  9.8254573e+001  1.0000000e+000
  1.2991000e+003  7.9810600e+004  9.8273973e+001  1.0000000e+000
  1.2992000e+003  8.3181200e+004  9.8223937e+001  1.0000000e+000
  1.2993000e+003  8.2111200e+004  9.8335146e+001  1.0000000e+000
  1.2994000e+003  8.5378200e+004  9.8268730e+001  1.0000000e+000
  1.2995000e+003  8.9558000e+004  9.8096972e+001  1.0000000e+000
  1.2996000e+003  9.2010800e+004  9.8165033e+001  1.0000000e+000
  1.2997000e+003  7.6144600e+004  9.8139103e+001  1.0000000e+000
  1.2998000e+003  7.9233600e+004  9.8249084e+001  1.0000000e+000
  1.2999000e+003  8.4670400e+004  9.8164985e+001  1.0000000e+000
  1.3000000e+003  8.2828000e+004  9.8007277e+001  1.0000000e+000
  1.3001000e+003  8.6136200e+004  9.8153179e+001  1.0000000e+000
  1.3002000e+003  9.1219200e+004  9.8366661e+001  1.0000000e+000
  1.3003000e+003  7.9983800e+004  9.8190679e+001  1.0000000e+000
  1.3004000e+003  7.6662800e+004  9.8495863e+001  1.0000000e+000
  1.3005000e+003  8.0567000e+004  9.8064203e+001  1.0000000e+000
  1.3006000e+003  8.3325400e+004  9.8176093e+001  1.0000000e+000
  1.3007000e+003  8.3647600e+004  9.8286483e+001  1.0000000e+000
  1.3008000e+003  8.7661200e+004  9.8383062e+001  1.0000000e+000
  1.3009000e+003  9.0466200e+004  9.8190324e+001  1.0000000e+000
  1.3010000e+003  7.7679000e+004  9.8188260e+001  1.0000000e+000
  1.3011000e+003  7.8515400e+004  9.8363487e+001  1.0000000e+000
  1.3012000e+003  8.0659000e+004  9.8246120e+001  1.0000000e+000
  1.3013000e+003  8.2277800e+004  9.8318945e+001  1.0000000e+000
  1.3014000e+003  8.2993400e+004  9.8369252e+001  1.0000000e+000
  1.3015000e+003  8.5942000e+004  9.8278750e+001  1.0000000e+000
  1.3016000e+003  8.8522800e+004  9.8358126e+001  1.0000000e+000
  1.3017000e+003  7.7778000e+004  9.8328959e+001  1.0000000e+000
  1.3018000e+003  7.9878000e+004  9.8122587e+001  1.0000000e+000
  1.3019000e+003  8.2204200e+004  9.8205732e+001  1.0000000e+000
  1.3020000e+003  8.2363000e+004  9.8314275e+001  1.0000000e+000
  1.3021000e+003  8.3741000e+004  9.8065119e+001  1.0000000e+000
  1.3022000e+003  8.5948800e+004  9.8186960e+001  1.0000000e+000
  1.3023000e+003  8.3707400e+004  9.8020745e+001  1.0000000e+000
  1.3024000e+003  7.9938600e+004  9.8201332e+001  1.0000000e+000
  1.3025000e+003  8.2491000e+004  9.8257930e+001  1.0000000e+000
  1.3026000e+003  8.4456800e+004  9.8301562e+001  1.0000000e+000
  1.3027000e+003  8.4090200e+004  9.8215305e+001  1.0000000e+000
  1.3028000e+003  8.6110000e+004  9.7968486e+001  1.0000000e+000
  1.3029000e+003  8.8626600e+004  9.8433125e+001  1.0000000e+000
  1.3030000e+003  8.1988000e+004  9.8239451e+001  0.0000000e+000
  1.3031000e+003  8.2902600e+004  9.8425169e+001  0.0000000e+000
  1.3032000e+003  8.4812600e+004  9.8149211e+001  0.0000000e+000
  1.3033000e+003  8.6240000e+004  9.8377114e+001  0.0000000e+000
  1.3034000e+003  8.7063800e+004  9.8343071e+001  0.0000000e+000
  1.3035000e+003  8.9810000e+004  9.8244593e+001  0.0000000e+000
  1.3036000e+003  9.2175600e+004  9.8536333e+001  0.0000000e+000
  1.3037000e+003  8.4042200e+004  9.8497540e+001  0.0000000e+000
  1.3038000e+003  8.6766600e+004  9.8377427e+001  0.0000000e+000
  1.3039000e+003  8.8838800e+004  9.8303009e+001  0.0000000e+000
  1.3040000e+003  8.9470000e+004  9.8356198e+001  0.0000000e+000
  1.3041000e+003  9.0646600e+004  9.8372736e+001  0.0000000e+000
  1.3042000e+003  9.2822400e+004  9.8247564e+001  0.0000000e+000
  1.3043000e+003  9.2167600e+004  9.8282689e+001  0.0000000e+000
  1.3044000e+003  8.8356400e+004  9.8462738e+001  0.0000000e+000
  1.3045000e+003  9.1817000e+004  9.8413995e+001  0.0000000e+000
  1.3046000e+003  9.3614600e+004  9.8345853e+001  0.0000000e+000
  1.3047000e+003  9.2944800e+004  9.8236050e+001  0.0000000e+000
  1.3048000e+003  9.4669000e+004  9.8270889e+001  0.0000000e+000
  1.3049000e+003  9.6709000e+004  9.8409010e+001  0.0000000e+000
  1.3050000e+003  9.0220000e+004  9.8360602e+001  0.0000000e+000
  1.3051000e+003  9.2746800e+004  9.8318749e+001  0.0000000e+000
  1.3052000e+003  9.4838600e+004  9.8403983e+001  0.0000000e+000
  1.3053000e+003  9.5009200e+004  9.8152127e+001  0.0000000e+000
  1.3054000e+003  9.5914000e+004  9.8454922e+001  0.0000000e+000
  1.3055000e+003  9.8133000e+004  9.8329826e+001  0.0000000e+000
  1.3056000e+003  9.7085200e+004  9.8298909e+001  0.0000000e+000
  1.3057000e+003  9.2574400e+004  9.8401403e+001  0.0000000e+000
  1.3058000e+003  9.4060600e+004  9.8407096e+001  0.0000000e+000
  1.3059000e+003  9.5351600e+004  9.8446984e+001  0.0000000e+000
  1.3060000e+003  9.6810000e+004  9.8440774e+001  0.0000000e+000
  1.3061000e+003  9.9793400e+004  9.8472489e+001  0.0000000e+000
  1.3062000e+003  1.0197700e+005  9.8326987e+001  0.0000000e+000
  1.3063000e+003  9.9951400e+004  9.8283486e+001  0.0000000e+000
  1.3064000e+003  9.7813200e+004  9.8297173e+001  0.0000000e+000
  1.3065000e+003  1.0022000e+005  9.8332639e+001  0.0000000e+000
  1.3066000e+003  1.0192760e+005  9.8485473e+001  0.0000000e+000
  1.3067000e+003  1.0213640e+005  9.8208620e+001  0.0000000e+000
  1.3068000e+003  1.0390500e+005  9.8327159e+001  0.0000000e+000
  1.3069000e+003  1.0586900e+005  9.8395672e+001  0.0000000e+000
  1.3070000e+003  1.0781600e+005  9.8453109e+001  1.0000000e+000
  1.3071000e+003  9.9264000e+004  9.8274899e+001  1.0000000e+000
  1.3072000e+003  1.0194620e+005  9.8364734e+001  1.0000000e+000
  1.3073000e+003  1.0337240e+005  9.8390289e+001  1.0000000e+000
  1.3074000e+003  1.0402600e+005  9.8386101e+001  1.0000000e+000
  1.3075000e+003  1.0530100e+005  9.8419354e+001  1.0000000e+000
  1.3076000e+003  1.0737980e+005  9.8374144e+001  1.0000000e+000
  1.3077000e+003  1.0902740e+005  9.8317213e+001  1.0000000e+000
  1.3078000e+003  1.0413320e+005  9.8350562e+001  1.0000000e+000
  1.3079000e+003  1.0284040e+005  9.8393213e+001  1.0000000e+000
  1.3080000e+003  1.0526800e+005  9.8530880e+001  1.0000000e+000
  1.3081000e+003  1.0613300e+005  9.8438007e+001  1.0000000e+000
  1.3082000e+003  1.0615540e+005  9.8405557e+001  1.0000000e+000
  1.3083000e+003  1.0804640e+005  9.8430468e+001  1.0000000e+000
  1.3084000e+003  1.1010060e+005  9.8450680e+001  1.0000000e+000
  1.3085000e+003  1.0421900e+005  9.8584061e+001  1.0000000e+000
  1.3086000e+003  1.0406280e+005  9.8434218e+001  1.0000000e+000
  1.3087000e+003  1.0661560e+005  9.8561608e+001  1.0000000e+000
  1.3088000e+003  1.0716100e+005  9.8444609e+001  1.0000000e+000
  1.3089000e+003  1.0789640e+005  9.8495638e+001  1.0000000e+000
  1.3090000e+003  1.1031200e+005  9.8475759e+001  1.0000000e+000
  1.3091000e+003  1.1364820e+005  9.8597913e+001  1.0000000e+000
  1.3092000e+003  1.0737420e+005  9.8328631e+001  1.0000000e+000
  1.3093000e+003  1.0366060e+005  9.8333158e+001  1.0000000e+000
  1.3094000e+003  1.0599400e+005  9.8464814e+001  1.0000000e+000
  1.3095000e+003  1.0718400e+005  9.8520581e+001  1.0000000e+000
  1.3096000e+003  1.0674040e+005  9.8447420e+001  1.0000000e+000
  1.3097000e+003  1.0850580e+005  9.8414161e+001  1.0000000e+000
  1.3098000e+003  1.1026340e+005  9.8585653e+001  1.0000000e+000
  1.3099000e+003  1.0316740e+005  9.8377015e+001  1.0000000e+000
  1.3100000e+003  1.0277200e+005  9.8522530e+001  1.0000000e+000
  1.3101000e+003  1.0425640e+005  9.8636854e+001  1.0000000e+000
  1.3102000e+003  1.0500240e+005  9.8485981e+001  1.0000000e+000
  1.3103000e+003  1.0507080e+005  9.8362637e+001  1.0000000e+000
  1.3104000e+003  1.0682200e+005  9.8694373e+001  1.0000000e+000
  1.3105000e+003  1.0895000e+005  9.8369531e+001  1.0000000e+000
  1.3106000e+003  9.9927200e+004  9.8484033e+001  1.0000000e+000
  1.3107000e+003  1.0089000e+005  9.8540435e+001  1.0000000e+000
  1.3108000e+003  1.0200500e+005  9.8583583e+001  1.0000000e+000
  1.3109000e+003  1.0263540e+005  9.8456852e+001  1.0000000e+000
  1.3110000e+003  1.0310900e+005  9.8530143e+001  1.0000000e+000
  1.3111000e+003  1.0520500e+005  9.8290895e+001  1.0000000e+000
  1.3112000e+003  1.0626500e+005  9.8476398e+001  1.0000000e+000
  1.3113000e+003  9.7388200e+004  9.8396830e+001  1.0000000e+000
  1.3114000e+003  9.9179000e+004  9.8306169e+001  1.0000000e+000
  1.3115000e+003  1.0093500e+005  9.8588038e+001  1.0000000e+000
  1.3116000e+003  1.0052360e+005  9.8626334e+001  1.0000000e+000
  1.3117000e+003  1.0214160e+005  9.8506118e+001  1.0000000e+000
  1.3118000e+003  1.0450820e+005  9.8375141e+001  1.0000000e+000
  1.3119000e+003  9.9013400e+004  9.8728847e+001  1.0000000e+000
  1.3120000e+003  9.6772000e+004  9.8449527e+001  1.0000000e+000
  1.3121000e+003  9.9278200e+004  9.8583565e+001  1.0000000e+000
  1.3122000e+003  1.0095440e+005  9.8480971e+001  1.0000000e+000
  1.3123000e+003  1.0021800e+005  9.8628401e+001  1.0000000e+000
  1.3124000e+003  1.0247420e+005  9.8531632e+001  1.0000000e+000
  1.3125000e+003  1.0564700e+005  9.8454161e+001  1.0000000e+000
  1.3126000e+003  9.5385200e+004  9.8511842e+001  1.0000000e+000
  1.3127000e+003  9.8037400e+004  9.8496126e+001  1.0000000e+000
  1.3128000e+003  1.0172500e+005  9.8650756e+001  1.0000000e+000
  1.3129000e+003  9.8691800e+004  9.8582260e+001  1.0000000e+000
  1.3130000e+003  1.0059000e+005  9.8550675e+001  1.0000000e+000
  1.3131000e+003  1.0334300e+005  9.8456012e+001  1.0000000e+000
  1.3132000e+003  9.5738400e+004  9.8433499e+001  1.0000000e+000
  1.3133000e+003  9.4832800e+004  9.8586635e+001  1.0000000e+000
  1.3134000e+003  9.7453200e+004  9.8670554e+001  1.0000000e+000
  1.3135000e+003  9.8203000e+004  9.8444907e+001  1.0000000e+000
  1.3136000e+003  9.8181200e+004  9.8400742e+001  1.0000000e+000
  1.3137000e+003  1.0046900e+005  9.8702995e+001  1.0000000e+000
  1.3138000e+003  1.0229680e+005  9.8543366e+001  1.0000000e+000
  1.3139000e+003  9.2125400e+004  9.8455388e+001  1.0000000e+000
  1.3140000e+003  9.3807000e+004  9.8412912e+001  1.0000000e+000
  1.3141000e+003  9.6047000e+004  9.8664175e+001  1.0000000e+000
  1.3142000e+003  9.5004600e+004  9.8695626e+001  1.0000000e+000
  1.3143000e+003  9.6570000e+004  9.8722907e+001  1.0000000e+000
  1.3144000e+003  9.9127800e+004  9.8610736e+001  1.0000000e+000
  1.3145000e+003  9.2718000e+004  9.8558348e+001  1.0000000e+000
  1.3146000e+003  9.0751800e+004  9.8766429e+001  1.0000000e+000
  1.3147000e+003  9.2268200e+004  9.8681172e+001  1.0000000e+000
  1.3148000e+003  9.4055600e+004  9.8382160e+001  1.0000000e+000
  1.3149000e+003  9.3950600e+004  9.8558180e+001  1.0000000e+000
  1.3150000e+003  9.6163000e+004  9.8808830e+001  1.0000000e+000
  1.3151000e+003  9.9277000e+004  9.8497499e+001  1.0000000e+000
  1.3152000e+003  9.0164000e+004  9.8592802e+001  1.0000000e+000
  1.3153000e+003  9.1508800e+004  9.8531968e+001  1.0000000e+000
  1.3154000e+003  9.3209200e+004  9.8703447e+001  1.0000000e+000
  1.3155000e+003  9.3782000e+004  9.8508673e+001  1.0000000e+000
  1.3156000e+003  9.5427600e+004  9.8582586e+001  1.0000000e+000
  1.3157000e+003  9.8077200e+004  9.8505166e+001  1.0000000e+000
  1.3158000e+003  9.4661600e+004  9.8563205e+001  1.0000000e+000
  1.3159000e+003  9.1742400e+004  9.8691987e+001  1.0000000e+000
  1.3160000e+003  9.3453000e+004  9.8599591e+001  1.0000000e+000
  1.3161000e+003  9.5502600e+004  9.8586716e+001  1.0000000e+000
  1.3162000e+003  9.5689000e+004  9.8496804e+001  1.0000000e+000
  1.3163000e+003  9.7696000e+004  9.8445218e+001  1.0000000e+000
  1.3164000e+003  1.0011380e+005  9.8631591e+001  1.0000000e+000
  1.3165000e+003  9.3490000e+004  9.8645546e+001  1.0000000e+000
  1.3166000e+003  9.4554000e+004  9.8632308e+001  1.0000000e+000
  1.3167000e+003  9.6767400e+004  9.8414741e+001  1.0000000e+000
  1.3168000e+003  9.7243000e+004  9.8672914e+001  1.0000000e+000
  1.3169000e+003  9.9068200e+004  9.8630561e+001  1.0000000e+000
  1.3170000e+003  1.0140600e+005  9.8733527e+001  0.0000000e+000
  1.3171000e+003  1.0253600e+005  9.8624499e+001  0.0000000e+000
  1.3172000e+003  9.5734800e+004  9.8632257e+001  0.0000000e+000
  1.3173000e+003  9.7580000e+004  9.8556129e+001  0.0000000e+000
  1.3174000e+003  9.9679800e+004  9.8515296e+001  0.0000000e+000
  1.3175000e+003  1.0029200e+005  9.8591798e+001  0.0000000e+000
  1.3176000e+003  1.0214900e+005  9.8769278e+001  0.0000000e+000
  1.3177000e+003  1.0415460e+005  9.8806257e+001  0.0000000e+000
  1.3178000e+003  1.0590820e+005  9.8494979e+001  0.0000000e+000
  1.3179000e+003  9.9040800e+004  9.8669398e+001  0.0000000e+000
  1.3180000e+003  1.0082900e+005  9.8630721e+001  0.0000000e+000
  1.3181000e+003  1.0277920e+005  9.8646388e+001  0.0000000e+000
  1.3182000e+003  1.0328500e+005  9.8718932e+001  0.0000000e+000
  1.3183000e+003  1.0531740e+005  9.8539061e+001  0.0000000e+000
  1.3184000e+003  1.0740360e+005  9.8541830e+001  0.0000000e+000
  1.3185000e+003  1.0956500e+005  9.8672896e+001  0.0000000e+000
  1.3186000e+003  1.0233660e+005  9.8675886e+001  0.0000000e+000
  1.3187000e+003  1.0387440e+005  9.8624487e+001  0.0000000e+000
  1.3188000e+003  1.0615080e+005  9.8629634e+001  0.0000000e+000
  1.3189000e+003  1.0682220e+005  9.8743688e+001  0.0000000e+000
  1.3190000e+003  1.0761400e+005  9.8591894e+001  0.0000000e+000
  1.3191000e+003  1.1038880e+005  9.8640363e+001  0.0000000e+000
  1.3192000e+003  1.1255360e+005  9.8732487e+001  0.0000000e+000
  1.3193000e+003  1.0465860e+005  9.8693119e+001  0.0000000e+000
  1.3194000e+003  1.0657320e+005  9.8820151e+001  0.0000000e+000
  1.3195000e+003  1.0875000e+005  9.8663114e+001  0.0000000e+000
  1.3196000e+003  1.0883860e+005  9.8666847e+001  0.0000000e+000
  1.3197000e+003  1.1065200e+005  9.8633870e+001  0.0000000e+000
  1.3198000e+003  1.1271380e+005  9.8618953e+001  0.0000000e+000
  1.3199000e+003  1.1365480e+005  9.8769843e+001  0.0000000e+000
  1.3200000e+003  1.0741900e+005  9.8547281e+001  0.0000000e+000
  1.3201000e+003  1.0900720e+005  9.8650965e+001  0.0000000e+000
  1.3202000e+003  1.1104660e+005  9.8423407e+001  0.0000000e+000
  1.3203000e+003  1.1149180e+005  9.8763618e+001  0.0000000e+000
  1.3204000e+003  1.1355640e+005  9.8748145e+001  0.0000000e+000
  1.3205000e+003  1.1582900e+005  9.8784366e+001  0.0000000e+000
  1.3206000e+003  1.1790500e+005  9.8589926e+001  0.0000000e+000
  1.3207000e+003  1.1138140e+005  9.8687761e+001  0.0000000e+000
  1.3208000e+003  1.1189920e+005  9.8704942e+001  0.0000000e+000
  1.3209000e+003  1.1344740e+005  9.8522281e+001  0.0000000e+000
  1.3210000e+003  1.1526500e+005  9.8523070e+001  0.0000000e+000
  1.3211000e+003  1.1575200e+005  9.8637370e+001  0.0000000e+000
  1.3212000e+003  1.1809020e+005  9.8840750e+001  0.0000000e+000
  1.3213000e+003  1.2036560e+005  9.8921444e+001  0.0000000e+000
  1.3214000e+003  1.2196700e+005  9.8726680e+001  0.0000000e+000
  1.3215000e+003  1.1482300e+005  9.8541667e+001  0.0000000e+000
  1.3216000e+003  1.1589740e+005  9.8742027e+001  0.0000000e+000
  1.3217000e+003  1.1843400e+005  9.8756005e+001  0.0000000e+000
  1.3218000e+003  1.1852200e+005  9.8708872e+001  0.0000000e+000
  1.3219000e+003  1.1890160e+005  9.8738541e+001  0.0000000e+000
  1.3220000e+003  1.2101300e+005  9.8539274e+001  0.0000000e+000
  1.3221000e+003  1.2280000e+005  9.8574989e+001  0.0000000e+000
  1.3222000e+003  1.1901660e+005  9.8809291e+001  0.0000000e+000
  1.3223000e+003  1.1690640e+005  9.8706063e+001  0.0000000e+000
  1.3224000e+003  1.1958180e+005  9.8568502e+001  0.0000000e+000
  1.3225000e+003  1.2056700e+005  9.8702006e+001  0.0000000e+000
  1.3226000e+003  1.2062140e+005  9.8656302e+001  0.0000000e+000
  1.3227000e+003  1.2267360e+005  9.8807138e+001  0.0000000e+000
  1.3228000e+003  1.2464700e+005  9.8735977e+001  0.0000000e+000
  1.3229000e+003  1.2577960e+005  9.8774697e+001  0.0000000e+000
  1.3230000e+003  1.1861600e+005  9.8795048e+001  1.0000000e+000
  1.3231000e+003  1.1969080e+005  9.8643648e+001  1.0000000e+000
  1.3232000e+003  1.2128040e+005  9.8758547e+001  1.0000000e+000
  1.3233000e+003  1.2147360e+005  9.8739062e+001  1.0000000e+000
  1.3234000e+003  1.2285800e+005  9.8821707e+001  1.0000000e+000
  1.3235000e+003  1.2466700e+005  9.8943193e+001  1.0000000e+000
  1.3236000e+003  1.2642660e+005  9.8789482e+001  1.0000000e+000
  1.3237000e+003  1.2278140e+005  9.8749485e+001  1.0000000e+000
  1.3238000e+003  1.2122980e+005  9.8764186e+001  1.0000000e+000
  1.3239000e+003  1.2250700e+005  9.8701746e+001  1.0000000e+000
  1.3240000e+003  1.2380300e+005  9.8592050e+001  1.0000000e+000
  1.3241000e+003  1.2373760e+005  9.8815097e+001  1.0000000e+000
  1.3242000e+003  1.2549240e+005  9.8724474e+001  1.0000000e+000
  1.3243000e+003  1.2691880e+005  9.8809971e+001  1.0000000e+000
  1.3244000e+003  1.2798880e+005  9.8778610e+001  1.0000000e+000
  1.3245000e+003  1.2196600e+005  9.8726725e+001  1.0000000e+000
  1.3246000e+003  1.2392880e+005  9.8801793e+001  1.0000000e+000
  1.3247000e+003  1.2566860e+005  9.8851183e+001  1.0000000e+000
  1.3248000e+003  1.2437340e+005  9.8796700e+001  1.0000000e+000
  1.3249000e+003  1.2602180e+005  9.8796722e+001  1.0000000e+000
  1.3250000e+003  1.2726300e+005  9.8684711e+001  1.0000000e+000
  1.3251000e+003  1.2765220e+005  9.8917957e+001  1.0000000e+000
  1.3252000e+003  1.2165400e+005  9.8909197e+001  1.0000000e+000
  1.3253000e+003  1.2352720e+005  9.8533516e+001  1.0000000e+000
  1.3254000e+003  1.2482320e+005  9.8584581e+001  1.0000000e+000
  1.3255000e+003  1.2459000e+005  9.8833774e+001  1.0000000e+000
  1.3256000e+003  1.2619300e+005  9.8711004e+001  1.0000000e+000
  1.3257000e+003  1.2760140e+005  9.8675965e+001  1.0000000e+000
  1.3258000e+003  1.2882960e+005  9.9065133e+001  1.0000000e+000
  1.3259000e+003  1.2275760e+005  9.8712462e+001  1.0000000e+000
  1.3260000e+003  1.2300400e+005  9.8682486e+001  1.0000000e+000
  1.3261000e+003  1.2392160e+005  9.8837051e+001  1.0000000e+000
  1.3262000e+003  1.2462220e+005  9.8735624e+001  1.0000000e+000
  1.3263000e+003  1.2557420e+005  9.8696173e+001  1.0000000e+000
  1.3264000e+003  1.2726220e+005  9.8671099e+001  1.0000000e+000
  1.3265000e+003  1.2880600e+005  9.8755119e+001  1.0000000e+000
  1.3266000e+003  1.2715060e+005  9.8868063e+001  1.0000000e+000
  1.3267000e+003  1.2336840e+005  9.8668761e+001  1.0000000e+000
  1.3268000e+003  1.2436240e+005  9.8811233e+001  1.0000000e+000
  1.3269000e+003  1.2577160e+005  9.8820491e+001  1.0000000e+000
  1.3270000e+003  1.2574900e+005  9.8789012e+001  1.0000000e+000
  1.3271000e+003  1.2723120e+005  9.8924066e+001  1.0000000e+000
  1.3272000e+003  1.2879540e+005  9.8891590e+001  1.0000000e+000
  1.3273000e+003  1.3042820e+005  9.9121081e+001  1.0000000e+000
  1.3274000e+003  1.2551060e+005  9.8706042e+001  1.0000000e+000
  1.3275000e+003  1.2546900e+005  9.8848418e+001  1.0000000e+000
  1.3276000e+003  1.2770000e+005  9.8913379e+001  1.0000000e+000
  1.3277000e+003  1.2744100e+005  9.8778588e+001  1.0000000e+000
  1.3278000e+003  1.2819260e+005  9.8890843e+001  1.0000000e+000
  1.3279000e+003  1.2991480e+005  9.9007024e+001  1.0000000e+000
  1.3280000e+003  1.3179000e+005  9.8921630e+001  1.0000000e+000
  1.3281000e+003  1.2826560e+005  9.8931760e+001  1.0000000e+000
  1.3282000e+003  1.2571540e+005  9.8822714e+001  1.0000000e+000
  1.3283000e+003  1.2754420e+005  9.8876574e+001  1.0000000e+000
  1.3284000e+003  1.2849860e+005  9.8796510e+001  1.0000000e+000
  1.3285000e+003  1.2807400e+005  9.8834801e+001  1.0000000e+000
  1.3286000e+003  1.2984300e+005  9.8842206e+001  1.0000000e+000
  1.3287000e+003  1.3144540e+005  9.8953484e+001  1.0000000e+000
  1.3288000e+003  1.2654700e+005  9.8898916e+001  1.0000000e+000
  1.3289000e+003  1.2611600e+005  9.8854591e+001  1.0000000e+000
  1.3290000e+003  1.2741600e+005  9.8820855e+001  1.0000000e+000
  1.3291000e+003  1.2837800e+005  9.8836287e+001  1.0000000e+000
  1.3292000e+003  1.2927520e+005  9.8745684e+001  1.0000000e+000
  1.3293000e+003  1.3142300e+005  9.8939516e+001  1.0000000e+000
  1.3294000e+003  1.3316060e+005  9.8981924e+001  1.0000000e+000
  1.3295000e+003  1.3537200e+005  9.8764806e+001  1.0000000e+000
  1.3296000e+003  1.2778260e+005  9.9038945e+001  1.0000000e+000
  1.3297000e+003  1.2814400e+005  9.8820995e+001  1.0000000e+000
  1.3298000e+003  1.2942800e+005  9.8889301e+001  1.0000000e+000
  1.3299000e+003  1.3076320e+005  9.8909045e+001  1.0000000e+000
  1.3300000e+003  1.3142000e+005  9.8850613e+001  1.0000000e+000
  1.3301000e+003  1.3214580e+005  9.8862257e+001  1.0000000e+000
  1.3302000e+003  1.3403360e+005  9.8761513e+001  1.0000000e+000
  1.3303000e+003  1.3348620e+005  9.8877786e+001  1.0000000e+000
  1.3304000e+003  1.2847920e+005  9.8943380e+001  1.0000000e+000
  1.3305000e+003  1.3060100e+005  9.9069695e+001  1.0000000e+000
  1.3306000e+003  1.3229400e+005  9.8892843e+001  1.0000000e+000
  1.3307000e+003  1.3212720e+005  9.9046993e+001  1.0000000e+000
  1.3308000e+003  1.3353620e+005  9.8849656e+001  1.0000000e+000
  1.3309000e+003  1.3479240e+005  9.8759284e+001  1.0000000e+000
  1.3310000e+003  1.3623200e+005  9.8818359e+001  1.0000000e+000
  1.3311000e+003  1.3145120e+005  9.8835758e+001  1.0000000e+000
  1.3312000e+003  1.2989480e+005  9.8955916e+001  1.0000000e+000
  1.3313000e+003  1.3123860e+005  9.8761686e+001  1.0000000e+000
  1.3314000e+003  1.3258060e+005  9.8884396e+001  1.0000000e+000
  1.3315000e+003  1.3258300e+005  9.8787891e+001  1.0000000e+000
  1.3316000e+003  1.3455120e+005  9.8624311e+001  1.0000000e+000
  1.3317000e+003  1.3647420e+005  9.8926277e+001  1.0000000e+000
  1.3318000e+003  1.3796840e+005  9.8816697e+001  1.0000000e+000
  1.3319000e+003  1.3092940e+005  9.9017476e+001  1.0000000e+000
  1.3320000e+003  1.3088100e+005  9.8875568e+001  1.0000000e+000
  1.3321000e+003  1.3180880e+005  9.9022200e+001  1.0000000e+000
  1.3322000e+003  1.3297100e+005  9.9012774e+001  1.0000000e+000
  1.3323000e+003  1.3345480e+005  9.9122244e+001  1.0000000e+000
  1.3324000e+003  1.3544300e+005  9.8845360e+001  1.0000000e+000
  1.3325000e+003  1.3701400e+005  9.8798071e+001  1.0000000e+000
  1.3326000e+003  1.3823900e+005  9.9008573e+001  1.0000000e+000
  1.3327000e+003  1.3066000e+005  9.8874560e+001  1.0000000e+000
  1.3328000e+003  1.3161780e+005  9.8877930e+001  1.0000000e+000
  1.3329000e+003  1.3296920e+005  9.8965897e+001  1.0000000e+000
  1.3330000e+003  1.3347500e+005  9.8963395e+001  1.0000000e+000
  1.3331000e+003  1.3473760e+005  9.8958440e+001  1.0000000e+000
  1.3332000e+003  1.3674340e+005  9.9031867e+001  1.0000000e+000
  1.3333000e+003  1.3856640e+005  9.9008570e+001  1.0000000e+000
  1.3334000e+003  1.3929740e+005  9.8806358e+001  1.0000000e+000
  1.3335000e+003  1.3151000e+005  9.8965679e+001  1.0000000e+000
  1.3336000e+003  1.3297380e+005  9.8868323e+001  1.0000000e+000
  1.3337000e+003  1.3488280e+005  9.8830050e+001  1.0000000e+000
  1.3338000e+003  1.3499160e+005  9.8940753e+001  1.0000000e+000
  1.3339000e+003  1.3614140e+005  9.8937323e+001  1.0000000e+000
  1.3340000e+003  1.3791500e+005  9.8878709e+001  1.0000000e+000
  1.3341000e+003  1.3953280e+005  9.8987023e+001  1.0000000e+000
  1.3342000e+003  1.4032440e+005  9.9002287e+001  1.0000000e+000
  1.3343000e+003  1.3271600e+005  9.8989165e+001  1.0000000e+000
  1.3344000e+003  1.3512460e+005  9.8885488e+001  1.0000000e+000
  1.3345000e+003  1.3681900e+005  9.8805453e+001  1.0000000e+000
  1.3346000e+003  1.3628440e+005  9.8877760e+001  1.0000000e+000
  1.3347000e+003  1.3750040e+005  9.8883448e+001  1.0000000e+000
  1.3348000e+003  1.3931540e+005  9.8949738e+001  1.0000000e+000
  1.3349000e+003  1.4086040e+005  9.9011402e+001  1.0000000e+000
  1.3350000e+003  1.3447200e+005  9.9156749e+001  1.0000000e+000
  1.3351000e+003  1.3329280e+005  9.8944198e+001  1.0000000e+000
  1.3352000e+003  1.3526380e+005  9.8936633e+001  1.0000000e+000
  1.3353000e+003  1.3645540e+005  9.8921178e+001  1.0000000e+000
  1.3354000e+003  1.3668940e+005  9.8860334e+001  1.0000000e+000
  1.3355000e+003  1.3902600e+005  9.8991118e+001  1.0000000e+000
  1.3356000e+003  1.4081540e+005  9.8936544e+001  1.0000000e+000
  1.3357000e+003  1.4134520e+005  9.9004890e+001  1.0000000e+000
  1.3358000e+003  1.3465100e+005  9.9039488e+001  1.0000000e+000
  1.3359000e+003  1.3429800e+005  9.8827920e+001  1.0000000e+000
  1.3360000e+003  1.3553800e+005  9.9040846e+001  1.0000000e+000
  1.3361000e+003  1.3612120e+005  9.8874540e+001  1.0000000e+000
  1.3362000e+003  1.3622080e+005  9.8880747e+001  1.0000000e+000
  1.3363000e+003  1.3795380e+005  9.8882420e+001  1.0000000e+000
  1.3364000e+003  1.3967060e+005  9.8927011e+001  1.0000000e+000
  1.3365000e+003  1.3999400e+005  9.8806751e+001  1.0000000e+000
  1.3366000e+003  1.3315940e+005  9.9042546e+001  1.0000000e+000
  1.3367000e+003  1.3435440e+005  9.8899536e+001  1.0000000e+000
  1.3368000e+003  1.3606520e+005  9.9057739e+001  1.0000000e+000
  1.3369000e+003  1.3579000e+005  9.9159986e+001  1.0000000e+000
  1.3370000e+003  1.3728500e+005  9.8993093e+001  1.0000000e+000
  1.3371000e+003  1.3919240e+005  9.8925231e+001  1.0000000e+000
  1.3372000e+003  1.4075960e+005  9.9022977e+001  1.0000000e+000
  1.3373000e+003  1.4150040e+005  9.8852120e+001  1.0000000e+000
  1.3374000e+003  1.3345900e+005  9.8973235e+001  1.0000000e+000
  1.3375000e+003  1.3447100e+005  9.8969216e+001  1.0000000e+000
  1.3376000e+003  1.3635280e+005  9.8952017e+001  1.0000000e+000
  1.3377000e+003  1.3820680e+005  9.8900928e+001  1.0000000e+000
  1.3378000e+003  1.4128720e+005  9.8871420e+001  1.0000000e+000
  1.3379000e+003  1.4038840e+005  9.8966321e+001  1.0000000e+000
  1.3380000e+003  1.3969100e+005  9.9044028e+001  1.0000000e+000
  1.3381000e+003  1.4480880e+005  9.8944582e+001  1.0000000e+000
  1.3382000e+003  1.3503120e+005  9.8831170e+001  1.0000000e+000
  1.3383000e+003  1.3589280e+005  9.9020589e+001  1.0000000e+000
  1.3384000e+003  1.3824900e+005  9.9084340e+001  1.0000000e+000
  1.3385000e+003  1.3700900e+005  9.8871507e+001  1.0000000e+000
  1.3386000e+003  1.3819660e+005  9.8692393e+001  1.0000000e+000
  1.3387000e+003  1.3989640e+005  9.9077077e+001  1.0000000e+000
  1.3388000e+003  1.4272060e+005  9.8985761e+001  1.0000000e+000
  1.3389000e+003  1.4244840e+005  9.8792135e+001  1.0000000e+000
  1.3390000e+003  1.3472400e+005  9.8918137e+001  1.0000000e+000
  1.3391000e+003  1.3637020e+005  9.9097112e+001  1.0000000e+000
  1.3392000e+003  1.3814680e+005  9.8923343e+001  1.0000000e+000
  1.3393000e+003  1.3753980e+005  9.8955022e+001  1.0000000e+000
  1.3394000e+003  1.3975960e+005  9.8982618e+001  1.0000000e+000
  1.3395000e+003  1.4119800e+005  9.8978839e+001  1.0000000e+000
  1.3396000e+003  1.3929980e+005  9.8932864e+001  1.0000000e+000
  1.3397000e+003  1.3487060e+005  9.8868231e+001  1.0000000e+000
  1.3398000e+003  1.3596020e+005  9.9055657e+001  1.0000000e+000
  1.3399000e+003  1.3753020e+005  9.9058020e+001  1.0000000e+000
  1.3400000e+003  1.3734900e+005  9.9072469e+001  1.0000000e+000
  1.3401000e+003  1.3915400e+005  9.9229503e+001  1.0000000e+000
  1.3402000e+003  1.4117460e+005  9.8997922e+001  1.0000000e+000
  1.3403000e+003  1.4216600e+005  9.8990090e+001  1.0000000e+000
  1.3404000e+003  1.3618740e+005  9.9085009e+001  1.0000000e+000
  1.3405000e+003  1.3555800e+005  9.8987972e+001  1.0000000e+000
  1.3406000e+003  1.3671280e+005  9.9129961e+001  1.0000000e+000
  1.3407000e+003  1.3739960e+005  9.9165290e+001  1.0000000e+000
  1.3408000e+003  1.3807040e+005  9.9078492e+001  1.0000000e+000
  1.3409000e+003  1.3955620e+005  9.9104552e+001  1.0000000e+000
  1.3410000e+003  1.4133400e+005  9.9031251e+001  1.0000000e+000
  1.3411000e+003  1.4254700e+005  9.9010483e+001  1.0000000e+000
  1.3412000e+003  1.3715580e+005  9.8922460e+001  1.0000000e+000
  1.3413000e+003  1.3618980e+005  9.8993355e+001  1.0000000e+000
  1.3414000e+003  1.3677340e+005  9.8882111e+001  1.0000000e+000
  1.3415000e+003  1.3762400e+005  9.9183873e+001  1.0000000e+000
  1.3416000e+003  1.3804960e+005  9.8976929e+001  1.0000000e+000
  1.3417000e+003  1.3937680e+005  9.8920611e+001  1.0000000e+000
  1.3418000e+003  1.4038880e+005  9.8895151e+001  1.0000000e+000
  1.3419000e+003  1.4185700e+005  9.9084016e+001  1.0000000e+000
  1.3420000e+003  1.4295800e+005  9.9039757e+001  1.0000000e+000
  1.3421000e+003  1.3638020e+005  9.9084193e+001  1.0000000e+000
  1.3422000e+003  1.3684500e+005  9.9102930e+001  1.0000000e+000
  1.3423000e+003  1.3760640e+005  9.8985437e+001  1.0000000e+000
  1.3424000e+003  1.3794140e+005  9.9150945e+001  1.0000000e+000
  1.3425000e+003  1.3895000e+005  9.9013487e+001  1.0000000e+000
  1.3426000e+003  1.4067200e+005  9.9077188e+001  1.0000000e+000
  1.3427000e+003  1.4233860e+005  9.8824648e+001  1.0000000e+000
  1.3428000e+003  1.4354860e+005  9.9014720e+001  1.0000000e+000
  1.3429000e+003  1.3899300e+005  9.8949143e+001  1.0000000e+000
  1.3430000e+003  1.3782400e+005  9.8924622e+001  1.0000000e+000
  1.3431000e+003  1.3875520e+005  9.8784815e+001  1.0000000e+000
  1.3432000e+003  1.4123100e+005  9.8817179e+001  1.0000000e+000
  1.3433000e+003  1.4326020e+005  9.8993180e+001  1.0000000e+000
  1.3434000e+003  1.4077040e+005  9.8989979e+001  1.0000000e+000
  1.3435000e+003  1.4277200e+005  9.8879801e+001  1.0000000e+000
  1.3436000e+003  1.4517240e+005  9.8923524e+001  1.0000000e+000
  1.3437000e+003  1.4123120e+005  9.9093817e+001  1.0000000e+000
  1.3438000e+003  1.3906320e+005  9.8980966e+001  1.0000000e+000
  1.3439000e+003  1.4078560e+005  9.8992730e+001  1.0000000e+000
  1.3440000e+003  1.4190000e+005  9.9089976e+001  1.0000000e+000
  1.3441000e+003  1.4135540e+005  9.9145400e+001  1.0000000e+000
  1.3442000e+003  1.4314340e+005  9.8887874e+001  1.0000000e+000
  1.3443000e+003  1.4459900e+005  9.9181083e+001  1.0000000e+000
  1.3444000e+003  1.4582600e+005  9.9014899e+001  1.0000000e+000
  1.3445000e+003  1.4369500e+005  9.8971583e+001  1.0000000e+000
  1.3446000e+003  1.3938860e+005  9.9164941e+001  1.0000000e+000
  1.3447000e+003  1.4051980e+005  9.9066601e+001  1.0000000e+000
  1.3448000e+003  1.4168720e+005  9.8965351e+001  1.0000000e+000
  1.3449000e+003  1.4139320e+005  9.8973594e+001  1.0000000e+000
  1.3450000e+003  1.4272400e+005  9.8935564e+001  1.0000000e+000
  1.3451000e+003  1.4439400e+005  9.8909433e+001  1.0000000e+000
  1.3452000e+003  1.4559640e+005  9.9071631e+001  1.0000000e+000
  1.3453000e+003  1.4621040e+005  9.8999195e+001  1.0000000e+000
  1.3454000e+003  1.3942660e+005  9.8718402e+001  1.0000000e+000
  1.3455000e+003  1.4071400e+005  9.8984869e+001  1.0000000e+000
  1.3456000e+003  1.4219100e+005  9.9057503e+001  1.0000000e+000
  1.3457000e+003  1.4156260e+005  9.9074984e+001  1.0000000e+000
  1.3458000e+003  1.4290800e+005  9.8982880e+001  1.0000000e+000
  1.3459000e+003  1.4429900e+005  9.8941292e+001  1.0000000e+000
  1.3460000e+003  1.4507100e+005  9.9035933e+001  1.0000000e+000
  1.3461000e+003  1.4154040e+005  9.8944337e+001  1.0000000e+000
  1.3462000e+003  1.3995640e+005  9.9056963e+001  1.0000000e+000
  1.3463000e+003  1.4129160e+005  9.8803358e+001  1.0000000e+000
  1.3464000e+003  1.4234120e+005  9.9050975e+001  1.0000000e+000
  1.3465000e+003  1.4207300e+005  9.9158713e+001  1.0000000e+000
  1.3466000e+003  1.4333780e+005  9.9071669e+001  1.0000000e+000
  1.3467000e+003  1.4567420e+005  9.9053790e+001  1.0000000e+000
  1.3468000e+003  1.4645860e+005  9.8916671e+001  1.0000000e+000
  1.3469000e+003  1.3956860e+005  9.8943887e+001  1.0000000e+000
  1.3470000e+003  1.4027800e+005  9.9128339e+001  1.0000000e+000
  1.3471000e+003  1.4142960e+005  9.8949049e+001  1.0000000e+000
  1.3472000e+003  1.4199100e+005  9.8821806e+001  1.0000000e+000
  1.3473000e+003  1.4313000e+005  9.8904126e+001  1.0000000e+000
  1.3474000e+003  1.4445480e+005  9.9088748e+001  1.0000000e+000
  1.3475000e+003  1.4589600e+005  9.9000313e+001  1.0000000e+000
  1.3476000e+003  1.4420700e+005  9.9037275e+001  1.0000000e+000
  1.3477000e+003  1.4133100e+005  9.9055321e+001  1.0000000e+000
  1.3478000e+003  1.4308980e+005  9.9187698e+001  1.0000000e+000
  1.3479000e+003  1.4422300e+005  9.9066346e+001  1.0000000e+000
  1.3480000e+003  1.4394400e+005  9.8763352e+001  1.0000000e+000
  1.3481000e+003  1.4559840e+005  9.9132297e+001  1.0000000e+000
  1.3482000e+003  1.4702100e+005  9.9132924e+001  1.0000000e+000
  1.3483000e+003  1.4693900e+005  9.8948080e+001  1.0000000e+000
  1.3484000e+003  1.4167020e+005  9.8930245e+001  1.0000000e+000
  1.3485000e+003  1.4350900e+005  9.9094992e+001  1.0000000e+000
  1.3486000e+003  1.4454540e+005  9.8943341e+001  1.0000000e+000
  1.3487000e+003  1.4362320e+005  9.8951582e+001  1.0000000e+000
  1.3488000e+003  1.4517900e+005  9.9131350e+001  1.0000000e+000
  1.3489000e+003  1.4640880e+005  9.9018986e+001  1.0000000e+000
  1.3490000e+003  1.4618100e+005  9.9178553e+001  1.0000000e+000
  1.3491000e+003  1.3992200e+005  9.8910024e+001  1.0000000e+000
  1.3492000e+003  1.3915300e+005  9.8933435e+001  1.0000000e+000
  1.3493000e+003  1.3748760e+005  9.9159894e+001  1.0000000e+000
  1.3494000e+003  1.3556920e+005  9.8924016e+001  1.0000000e+000
  1.3495000e+003  1.3629000e+005  9.8845727e+001  1.0000000e+000
  1.3496000e+003  1.3747240e+005  9.8911851e+001  1.0000000e+000
  1.3497000e+003  1.3857380e+005  9.9002653e+001  1.0000000e+000
  1.3498000e+003  1.3454020e+005  9.9024181e+001  1.0000000e+000
  1.3499000e+003  1.3362480e+005  9.9003647e+001  1.0000000e+000
  1.3500000e+003  1.3437900e+005  9.8924926e+001  1.0000000e+000
  1.3501000e+003  1.3558180e+005  9.8885274e+001  1.0000000e+000
  1.3502000e+003  1.3802840e+005  9.9102909e+001  1.0000000e+000
  1.3503000e+003  1.4016900e+005  9.9222204e+001  1.0000000e+000
  1.3504000e+003  1.4288600e+005  9.9209332e+001  1.0000000e+000
  1.3505000e+003  1.4025300e+005  9.9212254e+001  1.0000000e+000
  1.3506000e+003  1.3971580e+005  9.8954493e+001  1.0000000e+000
  1.3507000e+003  1.4222640e+005  9.9031128e+001  1.0000000e+000
  1.3508000e+003  1.4400380e+005  9.8968258e+001  1.0000000e+000
  1.3509000e+003  1.4419360e+005  9.8979309e+001  1.0000000e+000
  1.3510000e+003  1.4563000e+005  9.8935543e+001  1.0000000e+000
  1.3511000e+003  1.4879880e+005  9.8958625e+001  1.0000000e+000
  1.3512000e+003  1.4458700e+005  9.9075930e+001  1.0000000e+000
  1.3513000e+003  1.4370100e+005  9.9023531e+001  1.0000000e+000
  1.3514000e+003  1.4534640e+005  9.8839447e+001  1.0000000e+000
  1.3515000e+003  1.4674700e+005  9.9002560e+001  1.0000000e+000
  1.3516000e+003  1.4745980e+005  9.9239103e+001  1.0000000e+000
  1.3517000e+003  1.4861140e+005  9.8968291e+001  1.0000000e+000
  1.3518000e+003  1.5172300e+005  9.9020139e+001  1.0000000e+000
  1.3519000e+003  1.5025200e+005  9.8764095e+001  1.0000000e+000
  1.3520000e+003  1.4463600e+005  9.8891048e+001  0.0000000e+000
  1.3521000e+003  1.4602240e+005  9.8924806e+001  0.0000000e+000
  1.3522000e+003  1.4793780e+005  9.8989048e+001  0.0000000e+000
  1.3523000e+003  1.4802580e+005  9.9057781e+001  0.0000000e+000
  1.3524000e+003  1.4992000e+005  9.8808817e+001  0.0000000e+000
  1.3525000e+003  1.5187200e+005  9.8934931e+001  0.0000000e+000
  1.3526000e+003  1.5348340e+005  9.8895882e+001  0.0000000e+000
  1.3527000e+003  1.4684180e+005  9.8890956e+001  0.0000000e+000
  1.3528000e+003  1.4746600e+005  9.9001625e+001  0.0000000e+000
  1.3529000e+003  1.4907120e+005  9.9107325e+001  0.0000000e+000
  1.3530000e+003  1.4994700e+005  9.9008678e+001  1.0000000e+000
  1.3531000e+003  1.5023260e+005  9.9027840e+001  1.0000000e+000
  1.3532000e+003  1.5248380e+005  9.9073272e+001  1.0000000e+000
  1.3533000e+003  1.5590440e+005  9.9057834e+001  1.0000000e+000
  1.3534000e+003  1.5917480e+005  9.8827297e+001  1.0000000e+000
  1.3535000e+003  1.4975300e+005  9.8955655e+001  1.0000000e+000
  1.3536000e+003  1.5072100e+005  9.8970456e+001  1.0000000e+000
  1.3537000e+003  1.5301600e+005  9.9196829e+001  1.0000000e+000
  1.3538000e+003  1.5336400e+005  9.9045191e+001  1.0000000e+000
  1.3539000e+003  1.5343180e+005  9.8961633e+001  1.0000000e+000
  1.3540000e+003  1.5495200e+005  9.8989172e+001  1.0000000e+000
  1.3541000e+003  1.5642360e+005  9.8746104e+001  1.0000000e+000
  1.3542000e+003  1.5168480e+005  9.8717729e+001  1.0000000e+000
  1.3543000e+003  1.5230680e+005  9.8912794e+001  1.0000000e+000
  1.3544000e+003  1.5505720e+005  9.9077393e+001  1.0000000e+000
  1.3545000e+003  1.5446300e+005  9.9003460e+001  1.0000000e+000
  1.3546000e+003  1.5502980e+005  9.8928653e+001  1.0000000e+000
  1.3547000e+003  1.5685840e+005  9.8942018e+001  1.0000000e+000
  1.3548000e+003  1.5874220e+005  9.9137926e+001  1.0000000e+000
  1.3549000e+003  1.5288680e+005  9.9073931e+001  1.0000000e+000
  1.3550000e+003  1.5295300e+005  9.8906674e+001  1.0000000e+000
  1.3551000e+003  1.5484320e+005  9.8908352e+001  1.0000000e+000
  1.3552000e+003  1.5548120e+005  9.8948287e+001  1.0000000e+000
  1.3553000e+003  1.5556100e+005  9.8982165e+001  1.0000000e+000
  1.3554000e+003  1.5732280e+005  9.8815362e+001  1.0000000e+000
  1.3555000e+003  1.5870400e+005  9.8662897e+001  1.0000000e+000
  1.3556000e+003  1.5362780e+005  9.8881805e+001  1.0000000e+000
  1.3557000e+003  1.5301140e+005  9.9155016e+001  1.0000000e+000
  1.3558000e+003  1.5429920e+005  9.8872339e+001  1.0000000e+000
  1.3559000e+003  1.5547320e+005  9.9075214e+001  1.0000000e+000
  1.3560000e+003  1.5537200e+005  9.9049955e+001  1.0000000e+000
  1.3561000e+003  1.5691380e+005  9.9003557e+001  1.0000000e+000
  1.3562000e+003  1.5814960e+005  9.8915859e+001  1.0000000e+000
  1.3563000e+003  1.5469760e+005  9.8923629e+001  1.0000000e+000
  1.3564000e+003  1.5273580e+005  9.8825179e+001  1.0000000e+000
  1.3565000e+003  1.5415500e+005  9.8820403e+001  1.0000000e+000
  1.3566000e+003  1.5543820e+005  9.8985784e+001  1.0000000e+000
  1.3567000e+003  1.5481260e+005  9.9008413e+001  1.0000000e+000
  1.3568000e+003  1.5603560e+005  9.9127505e+001  1.0000000e+000
  1.3569000e+003  1.5743500e+005  9.8859576e+001  1.0000000e+000
  1.3570000e+003  1.5784200e+005  9.8976323e+001  1.0000000e+000
  1.3571000e+003  1.5224100e+005  9.9068922e+001  1.0000000e+000
  1.3572000e+003  1.5370760e+005  9.9129336e+001  1.0000000e+000
  1.3573000e+003  1.5539180e+005  9.8839065e+001  1.0000000e+000
  1.3574000e+003  1.5440680e+005  9.8759159e+001  1.0000000e+000
  1.3575000e+003  1.5570100e+005  9.8889615e+001  1.0000000e+000
  1.3576000e+003  1.5712240e+005  9.8958809e+001  1.0000000e+000
  1.3577000e+003  1.5902760e+005  9.8875839e+001  1.0000000e+000
  1.3578000e+003  1.5203460e+005  9.8988990e+001  1.0000000e+000
  1.3579000e+003  1.5225500e+005  9.8763929e+001  1.0000000e+000
  1.3580000e+003  1.5370600e+005  9.9018311e+001  1.0000000e+000
  1.3581000e+003  1.5412500e+005  9.9000414e+001  1.0000000e+000
  1.3582000e+003  1.5395560e+005  9.8950332e+001  1.0000000e+000
  1.3583000e+003  1.5523740e+005  9.9025414e+001  1.0000000e+000
  1.3584000e+003  1.5670580e+005  9.8957582e+001  1.0000000e+000
  1.3585000e+003  1.5574000e+005  9.8942157e+001  1.0000000e+000
  1.3586000e+003  1.5010280e+005  9.8753448e+001  1.0000000e+000
  1.3587000e+003  1.5072500e+005  9.8801759e+001  1.0000000e+000
  1.3588000e+003  1.5211320e+005  9.8747442e+001  1.0000000e+000
  1.3589000e+003  1.5235600e+005  9.8742629e+001  1.0000000e+000
  1.3590000e+003  1.5380500e+005  9.8898973e+001  1.0000000e+000
  1.3591000e+003  1.5548040e+005  9.8865097e+001  1.0000000e+000
  1.3592000e+003  1.5709980e+005  9.8854472e+001  1.0000000e+000
  1.3593000e+003  1.5402380e+005  9.8948059e+001  1.0000000e+000
  1.3594000e+003  1.4969700e+005  9.8887004e+001  1.0000000e+000
  1.3595000e+003  1.4971600e+005  9.8879909e+001  1.0000000e+000
  1.3596000e+003  1.5041300e+005  9.8924939e+001  1.0000000e+000
  1.3597000e+003  1.4975480e+005  9.8826182e+001  1.0000000e+000
  1.3598000e+003  1.5018600e+005  9.8771321e+001  1.0000000e+000
  1.3599000e+003  1.5138120e+005  9.8870456e+001  1.0000000e+000
  1.3600000e+003  1.5212900e+005  9.8823736e+001  1.0000000e+000
  1.3601000e+003  1.4643120e+005  9.9034778e+001  1.0000000e+000
  1.3602000e+003  1.4671380e+005  9.8846512e+001  1.0000000e+000
  1.3603000e+003  1.4849420e+005  9.8772619e+001  1.0000000e+000
  1.3604000e+003  1.4845660e+005  9.8851879e+001  1.0000000e+000
  1.3605000e+003  1.5006600e+005  9.9033811e+001  1.0000000e+000
  1.3606000e+003  1.5229800e+005  9.9019370e+001  1.0000000e+000
  1.3607000e+003  1.5452180e+005  9.8757173e+001  1.0000000e+000
  1.3608000e+003  1.5164620e+005  9.8870200e+001  1.0000000e+000
  1.3609000e+003  1.4720860e+005  9.8884012e+001  1.0000000e+000
  1.3610000e+003  1.4863400e+005  9.9081885e+001  1.0000000e+000
  1.3611000e+003  1.5075140e+005  9.8886515e+001  1.0000000e+000
  1.3612000e+003  1.5072820e+005  9.9052925e+001  1.0000000e+000
  1.3613000e+003  1.5262160e+005  9.8840130e+001  1.0000000e+000
  1.3614000e+003  1.5468900e+005  9.8823065e+001  1.0000000e+000
  1.3615000e+003  1.5647800e+005  9.8993056e+001  1.0000000e+000
  1.3616000e+003  1.5044040e+005  9.8839434e+001  1.0000000e+000
  1.3617000e+003  1.4888020e+005  9.8808881e+001  1.0000000e+000
  1.3618000e+003  1.5160640e+005  9.8765678e+001  1.0000000e+000
  1.3619000e+003  1.5249680e+005  9.8816610e+001  1.0000000e+000
  1.3620000e+003  1.5235300e+005  9.8797986e+001  1.0000000e+000
  1.3621000e+003  1.5399160e+005  9.8979567e+001  1.0000000e+000
  1.3622000e+003  1.5581620e+005  9.8751557e+001  1.0000000e+000
  1.3623000e+003  1.5502860e+005  9.8851119e+001  1.0000000e+000
  1.3624000e+003  1.4881880e+005  9.8827888e+001  1.0000000e+000
  1.3625000e+003  1.5120700e+005  9.8533178e+001  1.0000000e+000
  1.3626000e+003  1.5352560e+005  9.8929786e+001  1.0000000e+000
  1.3627000e+003  1.5182180e+005  9.8915701e+001  1.0000000e+000
  1.3628000e+003  1.5400520e+005  9.8784849e+001  1.0000000e+000
  1.3629000e+003  1.5570180e+005  9.8561681e+001  1.0000000e+000
  1.3630000e+003  1.5586000e+005  9.8724894e+001  1.0000000e+000
  1.3631000e+003  1.4822760e+005  9.8875434e+001  1.0000000e+000
  1.3632000e+003  1.4972880e+005  9.8893987e+001  1.0000000e+000
  1.3633000e+003  1.5202700e+005  9.8758970e+001  1.0000000e+000
  1.3634000e+003  1.5125740e+005  9.8930105e+001  1.0000000e+000
  1.3635000e+003  1.5301200e+005  9.8781619e+001  1.0000000e+000
  1.3636000e+003  1.5521940e+005  9.8810847e+001  1.0000000e+000
  1.3637000e+003  1.5588200e+005  9.8668027e+001  1.0000000e+000
  1.3638000e+003  1.4749540e+005  9.8969140e+001  1.0000000e+000
  1.3639000e+003  1.4826260e+005  9.8818782e+001  1.0000000e+000
  1.3640000e+003  1.5022300e+005  9.8621238e+001  1.0000000e+000
  1.3641000e+003  1.5056340e+005  9.8522062e+001  1.0000000e+000
  1.3642000e+003  1.5192980e+005  9.8825287e+001  1.0000000e+000
  1.3643000e+003  1.5392900e+005  9.8809029e+001  1.0000000e+000
  1.3644000e+003  1.5446780e+005  9.8828392e+001  1.0000000e+000
  1.3645000e+003  1.4672900e+005  9.8748554e+001  1.0000000e+000
  1.3646000e+003  1.4761240e+005  9.8791773e+001  1.0000000e+000
  1.3647000e+003  1.4993100e+005  9.8768676e+001  1.0000000e+000
  1.3648000e+003  1.5012060e+005  9.8792264e+001  1.0000000e+000
  1.3649000e+003  1.5163700e+005  9.8877926e+001  1.0000000e+000
  1.3650000e+003  1.5385900e+005  9.8818421e+001  1.0000000e+000
  1.3651000e+003  1.5220080e+005  9.8701775e+001  1.0000000e+000
  1.3652000e+003  1.4645160e+005  9.8717128e+001  1.0000000e+000
  1.3653000e+003  1.4769180e+005  9.8920334e+001  1.0000000e+000
  1.3654000e+003  1.5022360e+005  9.8566843e+001  1.0000000e+000
  1.3655000e+003  1.5003100e+005  9.8776684e+001  1.0000000e+000
  1.3656000e+003  1.5159620e+005  9.8769722e+001  1.0000000e+000
  1.3657000e+003  1.5360180e+005  9.8713828e+001  1.0000000e+000
  1.3658000e+003  1.4868700e+005  9.8650860e+001  1.0000000e+000
  1.3659000e+003  1.4636140e+005  9.8775179e+001  1.0000000e+000
  1.3660000e+003  1.4854700e+005  9.8810951e+001  1.0000000e+000
  1.3661000e+003  1.4931620e+005  9.8938536e+001  1.0000000e+000
  1.3662000e+003  1.4951120e+005  9.8711952e+001  1.0000000e+000
  1.3663000e+003  1.5148420e+005  9.8664411e+001  1.0000000e+000
  1.3664000e+003  1.5330300e+005  9.8755018e+001  1.0000000e+000
  1.3665000e+003  1.4580300e+005  9.8816513e+001  1.0000000e+000
  1.3666000e+003  1.4572920e+005  9.8593802e+001  1.0000000e+000
  1.3667000e+003  1.4747900e+005  9.8818623e+001  1.0000000e+000
  1.3668000e+003  1.4827700e+005  9.8843882e+001  1.0000000e+000
  1.3669000e+003  1.4932520e+005  9.8737355e+001  1.0000000e+000
  1.3670000e+003  1.5156200e+005  9.8738925e+001  1.0000000e+000
  1.3671000e+003  1.5378080e+005  9.8770425e+001  1.0000000e+000
  1.3672000e+003  1.4684400e+005  9.8672395e+001  1.0000000e+000
  1.3673000e+003  1.4521880e+005  9.8730710e+001  1.0000000e+000
  1.3674000e+003  1.4666180e+005  9.8811117e+001  1.0000000e+000
  1.3675000e+003  1.4846500e+005  9.8699677e+001  1.0000000e+000
  1.3676000e+003  1.4923140e+005  9.8617461e+001  1.0000000e+000
  1.3677000e+003  1.5146080e+005  9.8873434e+001  1.0000000e+000
  1.3678000e+003  1.5342680e+005  9.8766125e+001  1.0000000e+000
  1.3679000e+003  1.5288080e+005  9.8836318e+001  1.0000000e+000
  1.3680000e+003  1.4535100e+005  9.8777899e+001  1.0000000e+000
  1.3681000e+003  1.4605440e+005  9.8626955e+001  1.0000000e+000
  1.3682000e+003  1.4783260e+005  9.8886649e+001  1.0000000e+000
  1.3683000e+003  1.4808240e+005  9.8711894e+001  1.0000000e+000
  1.3684000e+003  1.5020380e+005  9.8635214e+001  1.0000000e+000
  1.3685000e+003  1.5277400e+005  9.8626249e+001  1.0000000e+000
  1.3686000e+003  1.5540320e+005  9.8698631e+001  1.0000000e+000
  1.3687000e+003  1.5205980e+005  9.8768622e+001  1.0000000e+000
  1.3688000e+003  1.4660800e+005  9.8741859e+001  1.0000000e+000
  1.3689000e+003  1.4900240e+005  9.8640206e+001  1.0000000e+000
  1.3690000e+003  1.5228700e+005  9.8657616e+001  1.0000000e+000
  1.3691000e+003  1.5248100e+005  9.8808575e+001  1.0000000e+000
  1.3692000e+003  1.5458960e+005  9.8624511e+001  1.0000000e+000
  1.3693000e+003  1.5695160e+005  9.8657310e+001  1.0000000e+000
  1.3694000e+003  1.5887420e+005  9.8871764e+001  1.0000000e+000
  1.3695000e+003  1.5090600e+005  9.8523840e+001  1.0000000e+000
  1.3696000e+003  1.5005360e+005  9.8713317e+001  1.0000000e+000
  1.3697000e+003  1.5431580e+005  9.8615914e+001  1.0000000e+000
  1.3698000e+003  1.5578600e+005  9.8701507e+001  1.0000000e+000
  1.3699000e+003  1.5578820e+005  9.8809603e+001  1.0000000e+000
  1.3700000e+003  1.5759800e+005  9.8722817e+001  1.0000000e+000
  1.3701000e+003  1.5865480e+005  9.8803193e+001  1.0000000e+000
  1.3702000e+003  1.5170080e+005  9.8576471e+001  1.0000000e+000
  1.3703000e+003  1.4981020e+005  9.8789385e+001  1.0000000e+000
  1.3704000e+003  1.5314320e+005  9.8626981e+001  1.0000000e+000
  1.3705000e+003  1.5378800e+005  9.8604924e+001  1.0000000e+000
  1.3706000e+003  1.5233560e+005  9.8846342e+001  1.0000000e+000
  1.3707000e+003  1.5513260e+005  9.8564169e+001  1.0000000e+000
  1.3708000e+003  1.5709880e+005  9.8618712e+001  1.0000000e+000
  1.3709000e+003  1.5063020e+005  9.8665098e+001  1.0000000e+000
  1.3710000e+003  1.4722300e+005  9.8680215e+001  1.0000000e+000
  1.3711000e+003  1.4950520e+005  9.8680737e+001  1.0000000e+000
  1.3712000e+003  1.5183140e+005  9.8727392e+001  1.0000000e+000
  1.3713000e+003  1.5074040e+005  9.8687312e+001  1.0000000e+000
  1.3714000e+003  1.5173680e+005  9.8612058e+001  1.0000000e+000
  1.3715000e+003  1.5381000e+005  9.8604901e+001  1.0000000e+000
  1.3716000e+003  1.5276460e+005  9.8610543e+001  1.0000000e+000
  1.3717000e+003  1.4501060e+005  9.8465862e+001  1.0000000e+000
  1.3718000e+003  1.4640080e+005  9.8629935e+001  1.0000000e+000
  1.3719000e+003  1.4895260e+005  9.8654788e+001  1.0000000e+000
  1.3720000e+003  1.4865000e+005  9.8847996e+001  1.0000000e+000
  1.3721000e+003  1.5021200e+005  9.8685582e+001  1.0000000e+000
  1.3722000e+003  1.5243240e+005  9.8707506e+001  1.0000000e+000
  1.3723000e+003  1.5443360e+005  9.8515781e+001  1.0000000e+000
  1.3724000e+003  1.4494880e+005  9.8563336e+001  1.0000000e+000
  1.3725000e+003  1.4527500e+005  9.8431410e+001  1.0000000e+000
  1.3726000e+003  1.4804400e+005  9.8708384e+001  1.0000000e+000
  1.3727000e+003  1.4897600e+005  9.8559591e+001  1.0000000e+000
  1.3728000e+003  1.4911580e+005  9.8551422e+001  1.0000000e+000
  1.3729000e+003  1.4871140e+005  9.8612105e+001  1.0000000e+000
  1.3730000e+003  1.5047700e+005  9.8633370e+001  1.0000000e+000
  1.3731000e+003  1.4654380e+005  9.8679210e+001  1.0000000e+000
  1.3732000e+003  1.4409580e+005  9.8586298e+001  1.0000000e+000
  1.3733000e+003  1.4656220e+005  9.8643705e+001  1.0000000e+000
  1.3734000e+003  1.4763060e+005  9.8683894e+001  1.0000000e+000
  1.3735000e+003  1.4853400e+005  9.8601805e+001  1.0000000e+000
  1.3736000e+003  1.5159580e+005  9.8420301e+001  1.0000000e+000
  1.3737000e+003  1.5432420e+005  9.8662257e+001  1.0000000e+000
  1.3738000e+003  1.5591260e+005  9.8591940e+001  1.0000000e+000
  1.3739000e+003  1.4701940e+005  9.8567412e+001  1.0000000e+000
  1.3740000e+003  1.5080000e+005  9.8502045e+001  1.0000000e+000
  1.3741000e+003  1.5498800e+005  9.8680135e+001  1.0000000e+000
  1.3742000e+003  1.5350500e+005  9.8400585e+001  1.0000000e+000
  1.3743000e+003  1.5523320e+005  9.8571965e+001  1.0000000e+000
  1.3744000e+003  1.5693480e+005  9.8663002e+001  1.0000000e+000
  1.3745000e+003  1.5413900e+005  9.8525978e+001  1.0000000e+000
  1.3746000e+003  1.4794140e+005  9.8378831e+001  1.0000000e+000
  1.3747000e+003  1.5260400e+005  9.8527598e+001  1.0000000e+000
  1.3748000e+003  1.5539300e+005  9.8453715e+001  1.0000000e+000
  1.3749000e+003  1.5332240e+005  9.8737768e+001  1.0000000e+000
  1.3750000e+003  1.5539500e+005  9.8487702e+001  1.0000000e+000
  1.3751000e+003  1.5755960e+005  9.8535232e+001  1.0000000e+000
  1.3752000e+003  1.4978880e+005  9.8612326e+001  1.0000000e+000
  1.3753000e+003  1.4783380e+005  9.8569439e+001  1.0000000e+000
  1.3754000e+003  1.5083800e+005  9.8500445e+001  1.0000000e+000
  1.3755000e+003  1.5194700e+005  9.8667888e+001  1.0000000e+000
  1.3756000e+003  1.5149120e+005  9.8534009e+001  1.0000000e+000
  1.3757000e+003  1.5354620e+005  9.8599091e+001  1.0000000e+000
  1.3758000e+003  1.5557400e+005  9.8537337e+001  1.0000000e+000
  1.3759000e+003  1.4781520e+005  9.8405711e+001  1.0000000e+000
  1.3760000e+003  1.4819100e+005  9.8427288e+001  1.0000000e+000
  1.3761000e+003  1.5032940e+005  9.8548930e+001  1.0000000e+000
  1.3762000e+003  1.5076900e+005  9.8384129e+001  1.0000000e+000
  1.3763000e+003  1.5136320e+005  9.8595713e+001  1.0000000e+000
  1.3764000e+003  1.5349180e+005  9.8562200e+001  1.0000000e+000
  1.3765000e+003  1.5540400e+005  9.8584189e+001  1.0000000e+000
  1.3766000e+003  1.4764740e+005  9.8528542e+001  1.0000000e+000
  1.3767000e+003  1.4924640e+005  9.8626762e+001  1.0000000e+000
  1.3768000e+003  1.5163780e+005  9.8450055e+001  1.0000000e+000
  1.3769000e+003  1.5078620e+005  9.8561423e+001  1.0000000e+000
  1.3770000e+003  1.5182100e+005  9.8635897e+001  1.0000000e+000
  1.3771000e+003  1.5324500e+005  9.8512019e+001  1.0000000e+000
  1.3772000e+003  1.4993920e+005  9.8575810e+001  1.0000000e+000
  1.3773000e+003  1.4801240e+005  9.8435666e+001  1.0000000e+000
  1.3774000e+003  1.4994740e+005  9.8497498e+001  1.0000000e+000
  1.3775000e+003  1.5036300e+005  9.8344631e+001  1.0000000e+000
  1.3776000e+003  1.5007260e+005  9.8389800e+001  1.0000000e+000
  1.3777000e+003  1.5121000e+005  9.8472457e+001  1.0000000e+000
  1.3778000e+003  1.5252260e+005  9.8324576e+001  1.0000000e+000
  1.3779000e+003  1.4664700e+005  9.8319924e+001  1.0000000e+000
  1.3780000e+003  1.4730400e+005  9.8476472e+001  1.0000000e+000
  1.3781000e+003  1.4868140e+005  9.8454833e+001  1.0000000e+000
  1.3782000e+003  1.4837380e+005  9.8345665e+001  1.0000000e+000
  1.3783000e+003  1.4928180e+005  9.8553858e+001  1.0000000e+000
  1.3784000e+003  1.5071280e+005  9.8437239e+001  1.0000000e+000
  1.3785000e+003  1.4798300e+005  9.8560937e+001  1.0000000e+000
  1.3786000e+003  1.4548380e+005  9.8807218e+001  1.0000000e+000
  1.3787000e+003  1.4643160e+005  9.8533082e+001  1.0000000e+000
  1.3788000e+003  1.4782360e+005  9.8595987e+001  1.0000000e+000
  1.3789000e+003  1.4774420e+005  9.8391493e+001  1.0000000e+000
  1.3790000e+003  1.4903100e+005  9.8566620e+001  1.0000000e+000
  1.3791000e+003  1.5078140e+005  9.8398978e+001  1.0000000e+000
  1.3792000e+003  1.4725000e+005  9.8500770e+001  1.0000000e+000
  1.3793000e+003  1.4536120e+005  9.8545477e+001  1.0000000e+000
  1.3794000e+003  1.4613460e+005  9.8429835e+001  1.0000000e+000
  1.3795000e+003  1.4779800e+005  9.8438386e+001  1.0000000e+000
  1.3796000e+003  1.4780280e+005  9.8550724e+001  1.0000000e+000
  1.3797000e+003  1.4950920e+005  9.8621218e+001  1.0000000e+000
  1.3798000e+003  1.5140040e+005  9.8542721e+001  1.0000000e+000
  1.3799000e+003  1.5301400e+005  9.8399568e+001  1.0000000e+000
  1.3800000e+003  1.4891000e+005  9.8405812e+001  1.0000000e+000
  1.3801000e+003  1.4631680e+005  9.8351006e+001  1.0000000e+000
  1.3802000e+003  1.4723700e+005  9.8357229e+001  1.0000000e+000
  1.3803000e+003  1.4878380e+005  9.8578429e+001  1.0000000e+000
  1.3804000e+003  1.4866900e+005  9.8538787e+001  1.0000000e+000
  1.3805000e+003  1.4997800e+005  9.8405533e+001  1.0000000e+000
  1.3806000e+003  1.5173480e+005  9.8566818e+001  1.0000000e+000
  1.3807000e+003  1.5301540e+005  9.8485124e+001  1.0000000e+000
  1.3808000e+003  1.5412340e+005  9.8642206e+001  1.0000000e+000
  1.3809000e+003  1.4729020e+005  9.8288432e+001  1.0000000e+000
  1.3810000e+003  1.4816400e+005  9.8532323e+001  1.0000000e+000
  1.3811000e+003  1.4973480e+005  9.8295026e+001  1.0000000e+000
  1.3812000e+003  1.4967720e+005  9.8353745e+001  1.0000000e+000
  1.3813000e+003  1.5070420e+005  9.8525890e+001  1.0000000e+000
  1.3814000e+003  1.5245940e+005  9.8428359e+001  1.0000000e+000
  1.3815000e+003  1.5424400e+005  9.8479178e+001  1.0000000e+000
  1.3816000e+003  1.5577880e+005  9.8316212e+001  1.0000000e+000
  1.3817000e+003  1.5062360e+005  9.8584635e+001  1.0000000e+000
  1.3818000e+003  1.4766280e+005  9.8392724e+001  1.0000000e+000
  1.3819000e+003  1.4881220e+005  9.8653110e+001  1.0000000e+000
  1.3820000e+003  1.5057400e+005  9.8322474e+001  1.0000000e+000
  1.3821000e+003  1.5024380e+005  9.8231591e+001  1.0000000e+000
  1.3822000e+003  1.5194540e+005  9.8325878e+001  1.0000000e+000
  1.3823000e+003  1.5538140e+005  9.8422209e+001  1.0000000e+000
  1.3824000e+003  1.5570120e+005  9.8509473e+001  1.0000000e+000
  1.3825000e+003  1.5707900e+005  9.8320670e+001  1.0000000e+000
  1.3826000e+003  1.5031600e+005  9.8602464e+001  1.0000000e+000
  1.3827000e+003  1.4793740e+005  9.8373532e+001  1.0000000e+000
  1.3828000e+003  1.4887120e+005  9.8446403e+001  1.0000000e+000
  1.3829000e+003  1.5097420e+005  9.8306408e+001  1.0000000e+000
  1.3830000e+003  1.5106300e+005  9.8512597e+001  1.0000000e+000
  1.3831000e+003  1.5315040e+005  9.8249934e+001  1.0000000e+000
  1.3832000e+003  1.5554920e+005  9.8432141e+001  1.0000000e+000
  1.3833000e+003  1.5724900e+005  9.8434229e+001  1.0000000e+000
  1.3834000e+003  1.5831920e+005  9.8410321e+001  1.0000000e+000
  1.3835000e+003  1.5415800e+005  9.8526138e+001  1.0000000e+000
  1.3836000e+003  1.4864500e+005  9.8286611e+001  1.0000000e+000
  1.3837000e+003  1.4962560e+005  9.8693211e+001  1.0000000e+000
  1.3838000e+003  1.5196260e+005  9.8310157e+001  1.0000000e+000
  1.3839000e+003  1.5115540e+005  9.8467917e+001  1.0000000e+000
  1.3840000e+003  1.5229400e+005  9.8375813e+001  1.0000000e+000
  1.3841000e+003  1.5389520e+005  9.8294095e+001  1.0000000e+000
  1.3842000e+003  1.5532560e+005  9.8307345e+001  1.0000000e+000
  1.3843000e+003  1.5567560e+005  9.8415830e+001  1.0000000e+000
  1.3844000e+003  1.4679800e+005  9.8302610e+001  1.0000000e+000
  1.3845000e+003  1.4677900e+005  9.8543234e+001  1.0000000e+000
  1.3846000e+003  1.4793240e+005  9.8370203e+001  1.0000000e+000
  1.3847000e+003  1.4847320e+005  9.8263801e+001  1.0000000e+000
  1.3848000e+003  1.4930460e+005  9.8321109e+001  1.0000000e+000
  1.3849000e+003  1.5167040e+005  9.8366776e+001  1.0000000e+000
  1.3850000e+003  1.5375000e+005  9.8314776e+001  1.0000000e+000
  1.3851000e+003  1.5503420e+005  9.8398678e+001  1.0000000e+000
  1.3852000e+003  1.4834620e+005  9.8304051e+001  1.0000000e+000
  1.3853000e+003  1.4553360e+005  9.8379158e+001  1.0000000e+000
  1.3854000e+003  1.4687860e+005  9.8471075e+001  1.0000000e+000
  1.3855000e+003  1.4858700e+005  9.8307942e+001  1.0000000e+000
  1.3856000e+003  1.4846420e+005  9.8340430e+001  1.0000000e+000
  1.3857000e+003  1.5052140e+005  9.8505046e+001  1.0000000e+000
  1.3858000e+003  1.5268500e+005  9.8239841e+001  1.0000000e+000
  1.3859000e+003  1.5439400e+005  9.8333452e+001  1.0000000e+000
  1.3860000e+003  1.5540600e+005  9.8459146e+001  1.0000000e+000
  1.3861000e+003  1.4556880e+005  9.8200380e+001  1.0000000e+000
  1.3862000e+003  1.4585280e+005  9.8180718e+001  1.0000000e+000
  1.3863000e+003  1.4781660e+005  9.8144841e+001  1.0000000e+000
  1.3864000e+003  1.4826760e+005  9.8194486e+001  1.0000000e+000
  1.3865000e+003  1.4911800e+005  9.8284938e+001  1.0000000e+000
  1.3866000e+003  1.5128320e+005  9.8074522e+001  1.0000000e+000
  1.3867000e+003  1.5314700e+005  9.8100893e+001  1.0000000e+000
  1.3868000e+003  1.5470560e+005  9.8128158e+001  1.0000000e+000
  1.3869000e+003  1.4774900e+005  9.8256648e+001  1.0000000e+000
  1.3870000e+003  1.4530000e+005  9.8397963e+001  1.0000000e+000
  1.3871000e+003  1.4736520e+005  9.8272543e+001  1.0000000e+000
  1.3872000e+003  1.4876340e+005  9.8219568e+001  1.0000000e+000
  1.3873000e+003  1.4837400e+005  9.8264812e+001  1.0000000e+000
  1.3874000e+003  1.5006220e+005  9.8495009e+001  1.0000000e+000
  1.3875000e+003  1.5147400e+005  9.8288505e+001  1.0000000e+000
  1.3876000e+003  1.5248280e+005  9.8283975e+001  1.0000000e+000
  1.3877000e+003  1.5046540e+005  9.8291479e+001  1.0000000e+000
  1.3878000e+003  1.4366380e+005  9.8107924e+001  1.0000000e+000
  1.3879000e+003  1.4496180e+005  9.8021740e+001  1.0000000e+000
  1.3880000e+003  1.4679100e+005  9.8053444e+001  1.0000000e+000
  1.3881000e+003  1.4637160e+005  9.8376570e+001  1.0000000e+000
  1.3882000e+003  1.4789680e+005  9.8215965e+001  1.0000000e+000
  1.3883000e+003  1.4991860e+005  9.8187072e+001  1.0000000e+000
  1.3884000e+003  1.5174620e+005  9.8226004e+001  1.0000000e+000
  1.3885000e+003  1.5245800e+005  9.8264234e+001  1.0000000e+000
  1.3886000e+003  1.4377340e+005  9.8333810e+001  1.0000000e+000
  1.3887000e+003  1.4534540e+005  9.8118978e+001  1.0000000e+000
  1.3888000e+003  1.4762920e+005  9.8252499e+001  1.0000000e+000
  1.3889000e+003  1.4683180e+005  9.8318641e+001  1.0000000e+000
  1.3890000e+003  1.4822800e+005  9.8129314e+001  1.0000000e+000
  1.3891000e+003  1.5031700e+005  9.8032890e+001  1.0000000e+000
  1.3892000e+003  1.5189460e+005  9.8256077e+001  1.0000000e+000
  1.3893000e+003  1.5227640e+005  9.8244672e+001  1.0000000e+000
  1.3894000e+003  1.4412500e+005  9.8488476e+001  1.0000000e+000
  1.3895000e+003  1.4591000e+005  9.8220353e+001  1.0000000e+000
  1.3896000e+003  1.4853140e+005  9.8222190e+001  1.0000000e+000
  1.3897000e+003  1.4780260e+005  9.8169978e+001  1.0000000e+000
  1.3898000e+003  1.4942540e+005  9.8340379e+001  1.0000000e+000
  1.3899000e+003  1.5154860e+005  9.8228730e+001  1.0000000e+000
  1.3900000e+003  1.5298400e+005  9.8385009e+001  1.0000000e+000
  1.3901000e+003  1.5075400e+005  9.8259409e+001  1.0000000e+000
  1.3902000e+003  1.4471180e+005  9.8318415e+001  1.0000000e+000
  1.3903000e+003  1.4732980e+005  9.8196976e+001  1.0000000e+000
  1.3904000e+003  1.5007260e+005  9.8226575e+001  1.0000000e+000
  1.3905000e+003  1.4961600e+005  9.8160488e+001  1.0000000e+000
  1.3906000e+003  1.5118440e+005  9.8141856e+001  1.0000000e+000
  1.3907000e+003  1.5298280e+005  9.8009388e+001  1.0000000e+000
  1.3908000e+003  1.5449280e+005  9.8057441e+001  1.0000000e+000
  1.3909000e+003  1.4739520e+005  9.8224859e+001  1.0000000e+000
  1.3910000e+003  1.4663300e+005  9.8159877e+001  1.0000000e+000
  1.3911000e+003  1.5007240e+005  9.8095817e+001  1.0000000e+000
  1.3912000e+003  1.4977940e+005  9.8328817e+001  1.0000000e+000
  1.3913000e+003  1.4999020e+005  9.8277113e+001  1.0000000e+000
  1.3914000e+003  1.5191860e+005  9.8145630e+001  1.0000000e+000
  1.3915000e+003  1.5351600e+005  9.8283818e+001  1.0000000e+000
  1.3916000e+003  1.4958120e+005  9.8070416e+001  1.0000000e+000
  1.3917000e+003  1.4474780e+005  9.8387656e+001  1.0000000e+000
  1.3918000e+003  1.4657560e+005  9.8181808e+001  1.0000000e+000
  1.3919000e+003  1.4869240e+005  9.8253848e+001  1.0000000e+000
  1.3920000e+003  1.4817800e+005  9.8231283e+001  1.0000000e+000
  1.3921000e+003  1.4996340e+005  9.8106303e+001  1.0000000e+000
  1.3922000e+003  1.5174000e+005  9.8282056e+001  1.0000000e+000
  1.3923000e+003  1.5253560e+005  9.8234761e+001  1.0000000e+000
  1.3924000e+003  1.4383400e+005  9.8094400e+001  1.0000000e+000
  1.3925000e+003  1.4452900e+005  9.8192078e+001  1.0000000e+000
  1.3926000e+003  1.4658320e+005  9.8046065e+001  1.0000000e+000
  1.3927000e+003  1.4667580e+005  9.8133776e+001  1.0000000e+000
  1.3928000e+003  1.4786240e+005  9.8009020e+001  1.0000000e+000
  1.3929000e+003  1.4987280e+005  9.8099006e+001  1.0000000e+000
  1.3930000e+003  1.5173900e+005  9.8137777e+001  1.0000000e+000
  1.3931000e+003  1.4372240e+005  9.8265695e+001  1.0000000e+000
  1.3932000e+003  1.4350680e+005  9.8138642e+001  1.0000000e+000
  1.3933000e+003  1.4538840e+005  9.8072966e+001  1.0000000e+000
  1.3934000e+003  1.4624160e+005  9.8151685e+001  1.0000000e+000
  1.3935000e+003  1.4735800e+005  9.8034232e+001  1.0000000e+000
  1.3936000e+003  1.4939980e+005  9.8084097e+001  1.0000000e+000
  1.3937000e+003  1.5118240e+005  9.8304316e+001  1.0000000e+000
  1.3938000e+003  1.4315260e+005  9.8158401e+001  1.0000000e+000
  1.3939000e+003  1.4349660e+005  9.8063258e+001  1.0000000e+000
  1.3940000e+003  1.4549200e+005  9.8131749e+001  1.0000000e+000
  1.3941000e+003  1.4620980e+005  9.8073553e+001  1.0000000e+000
  1.3942000e+003  1.4754180e+005  9.8068071e+001  1.0000000e+000
  1.3943000e+003  1.4934140e+005  9.8114963e+001  1.0000000e+000
  1.3944000e+003  1.5095540e+005  9.8090253e+001  1.0000000e+000
  1.3945000e+003  1.4323900e+005  9.8147755e+001  1.0000000e+000
  1.3946000e+003  1.4348000e+005  9.8290166e+001  1.0000000e+000
  1.3947000e+003  1.4578620e+005  9.8100694e+001  1.0000000e+000
  1.3948000e+003  1.4579020e+005  9.8093653e+001  1.0000000e+000
  1.3949000e+003  1.4661340e+005  9.8214419e+001  1.0000000e+000
  1.3950000e+003  1.4817700e+005  9.8207682e+001  1.0000000e+000
  1.3951000e+003  1.4930480e+005  9.8183692e+001  1.0000000e+000
  1.3952000e+003  1.4222080e+005  9.8126341e+001  1.0000000e+000
  1.3953000e+003  1.4392120e+005  9.8008148e+001  1.0000000e+000
  1.3954000e+003  1.4615000e+005  9.8187471e+001  1.0000000e+000
  1.3955000e+003  1.4566000e+005  9.8090479e+001  1.0000000e+000
  1.3956000e+003  1.4750300e+005  9.8132521e+001  1.0000000e+000
  1.3957000e+003  1.4936240e+005  9.8067241e+001  1.0000000e+000
  1.3958000e+003  1.4791640e+005  9.8158218e+001  1.0000000e+000
  1.3959000e+003  1.4247220e+005  9.8084408e+001  1.0000000e+000
  1.3960000e+003  1.4433100e+005  9.8052884e+001  1.0000000e+000
  1.3961000e+003  1.4691100e+005  9.7966832e+001  1.0000000e+000
  1.3962000e+003  1.4704500e+005  9.8001302e+001  1.0000000e+000
  1.3963000e+003  1.4928920e+005  9.8282173e+001  1.0000000e+000
  1.3964000e+003  1.5149100e+005  9.8314807e+001  1.0000000e+000
  1.3965000e+003  1.5349300e+005  9.8000307e+001  1.0000000e+000
  1.3966000e+003  1.4432920e+005  9.8089889e+001  1.0000000e+000
  1.3967000e+003  1.4344340e+005  9.8105937e+001  1.0000000e+000
  1.3968000e+003  1.4500700e+005  9.8054274e+001  1.0000000e+000
  1.3969000e+003  1.4710380e+005  9.8280275e+001  1.0000000e+000
  1.3970000e+003  1.4826300e+005  9.8151343e+001  1.0000000e+000
  1.3971000e+003  1.4983320e+005  9.8031941e+001  1.0000000e+000
  1.3972000e+003  1.5185760e+005  9.7967840e+001  1.0000000e+000
  1.3973000e+003  1.5349640e+005  9.8100652e+001  1.0000000e+000
  1.3974000e+003  1.4471240e+005  9.8096393e+001  1.0000000e+000
  1.3975000e+003  1.4369600e+005  9.7951155e+001  1.0000000e+000
  1.3976000e+003  1.4549820e+005  9.8154515e+001  1.0000000e+000
  1.3977000e+003  1.4620420e+005  9.8091320e+001  1.0000000e+000
  1.3978000e+003  1.4652800e+005  9.8216627e+001  1.0000000e+000
  1.3979000e+003  1.4839260e+005  9.8059721e+001  1.0000000e+000
  1.3980000e+003  1.5004300e+005  9.8133147e+001  1.0000000e+000
  1.3981000e+003  1.5068200e+005  9.8015126e+001  1.0000000e+000
  1.3982000e+003  1.4284600e+005  9.8080422e+001  1.0000000e+000
  1.3983000e+003  1.4409300e+005  9.8199014e+001  1.0000000e+000
  1.3984000e+003  1.4627200e+005  9.8217521e+001  1.0000000e+000
  1.3985000e+003  1.4622900e+005  9.8083806e+001  1.0000000e+000
  1.3986000e+003  1.4790720e+005  9.8328420e+001  1.0000000e+000
  1.3987000e+003  1.5048340e+005  9.8064050e+001  1.0000000e+000
  1.3988000e+003  1.5244100e+005  9.8200061e+001  1.0000000e+000
  1.3989000e+003  1.5348200e+005  9.8094906e+001  1.0000000e+000
  1.3990000e+003  1.4357300e+005  9.8035709e+001  1.0000000e+000
  1.3991000e+003  1.4413040e+005  9.8252111e+001  1.0000000e+000
  1.3992000e+003  1.4620320e+005  9.8095194e+001  1.0000000e+000
  1.3993000e+003  1.4742640e+005  9.8038363e+001  1.0000000e+000
  1.3994000e+003  1.4864920e+005  9.8045877e+001  1.0000000e+000
  1.3995000e+003  1.5116500e+005  9.8095641e+001  1.0000000e+000
  1.3996000e+003  1.5344520e+005  9.8061120e+001  1.0000000e+000
  1.3997000e+003  1.5521820e+005  9.8067033e+001  1.0000000e+000
  1.3998000e+003  1.5656000e+005  9.8042614e+001  1.0000000e+000
  1.3999000e+003  1.4476960e+005  9.7962140e+001  1.0000000e+000
  1.4000000e+003  1.4496200e+005  9.8054389e+001  1.0000000e+000
  1.4001000e+003  1.4708140e+005  9.7901871e+001  1.0000000e+000
  1.4002000e+003  1.4829160e+005  9.8039123e+001  1.0000000e+000
  1.4003000e+003  1.4859340e+005  9.8062982e+001  1.0000000e+000
  1.4004000e+003  1.5053300e+005  9.8086444e+001  1.0000000e+000
  1.4005000e+003  1.5214400e+005  9.8143611e+001  1.0000000e+000
  1.4006000e+003  1.5370660e+005  9.7933497e+001  1.0000000e+000
  1.4007000e+003  1.5471660e+005  9.7928289e+001  1.0000000e+000
  1.4008000e+003  1.4515940e+005  9.8250158e+001  1.0000000e+000
  1.4009000e+003  1.4501140e+005  9.8317934e+001  1.0000000e+000
  1.4010000e+003  1.4702600e+005  9.8138044e+001  1.0000000e+000
  1.4011000e+003  1.4701420e+005  9.7988676e+001  1.0000000e+000
  1.4012000e+003  1.4773580e+005  9.8103453e+001  1.0000000e+000
  1.4013000e+003  1.4992260e+005  9.8062779e+001  1.0000000e+000
  1.4014000e+003  1.5176400e+005  9.7835739e+001  1.0000000e+000
  1.4015000e+003  1.5332800e+005  9.8048435e+001  1.0000000e+000
  1.4016000e+003  1.4793380e+005  9.8028359e+001  1.0000000e+000
  1.4017000e+003  1.4387800e+005  9.8085032e+001  1.0000000e+000
  1.4018000e+003  1.4591480e+005  9.8047896e+001  1.0000000e+000
  1.4019000e+003  1.4796500e+005  9.7687505e+001  1.0000000e+000
  1.4020000e+003  1.4814100e+005  9.7923699e+001  1.0000000e+000
  1.4021000e+003  1.5053260e+005  9.7889175e+001  1.0000000e+000
  1.4022000e+003  1.5318140e+005  9.7955814e+001  1.0000000e+000
  1.4023000e+003  1.5519180e+005  9.7848454e+001  1.0000000e+000
  1.4024000e+003  1.5664820e+005  9.8006745e+001  1.0000000e+000
  1.4025000e+003  1.4664900e+005  9.7940098e+001  1.0000000e+000
  1.4026000e+003  1.4466460e+005  9.8090381e+001  1.0000000e+000
  1.4027000e+003  1.4575780e+005  9.7960903e+001  1.0000000e+000
  1.4028000e+003  1.4767260e+005  9.8088511e+001  1.0000000e+000
  1.4029000e+003  1.4832660e+005  9.7890221e+001  1.0000000e+000
  1.4030000e+003  1.5087100e+005  9.7837150e+001  1.0000000e+000
  1.4031000e+003  1.5359440e+005  9.7928094e+001  1.0000000e+000
  1.4032000e+003  1.5584220e+005  9.8087922e+001  1.0000000e+000
  1.4033000e+003  1.5761520e+005  9.8140822e+001  1.0000000e+000
  1.4034000e+003  1.4692260e+005  9.7964002e+001  1.0000000e+000
  1.4035000e+003  1.4551600e+005  9.8180252e+001  1.0000000e+000
  1.4036000e+003  1.4745880e+005  9.8011494e+001  1.0000000e+000
  1.4037000e+003  1.4946420e+005  9.8035201e+001  1.0000000e+000
  1.4038000e+003  1.5053140e+005  9.7993190e+001  1.0000000e+000
  1.4039000e+003  1.5325960e+005  9.7965960e+001  1.0000000e+000
  1.4040000e+003  1.5588500e+005  9.8047021e+001  1.0000000e+000
  1.4041000e+003  1.5785100e+005  9.8077508e+001  1.0000000e+000
  1.4042000e+003  1.5944260e+005  9.7998760e+001  1.0000000e+000
  1.4043000e+003  1.4705360e+005  9.7749761e+001  1.0000000e+000
  1.4044000e+003  1.4864460e+005  9.8233757e+001  1.0000000e+000
  1.4045000e+003  1.5230900e+005  9.7921793e+001  1.0000000e+000
  1.4046000e+003  1.5370420e+005  9.8209174e+001  1.0000000e+000
  1.4047000e+003  1.5388920e+005  9.8117920e+001  1.0000000e+000
  1.4048000e+003  1.5618480e+005  9.7748094e+001  1.0000000e+000
  1.4049000e+003  1.5794800e+005  9.8014567e+001  1.0000000e+000
  1.4050000e+003  1.5860000e+005  9.8039609e+001  1.0000000e+000
  1.4051000e+003  1.4810240e+005  9.8093137e+001  1.0000000e+000
  1.4052000e+003  1.4950300e+005  9.8072599e+001  1.0000000e+000
  1.4053000e+003  1.5403880e+005  9.8070572e+001  1.0000000e+000
  1.4054000e+003  1.5435300e+005  9.8041358e+001  1.0000000e+000
  1.4055000e+003  1.5492200e+005  9.8052662e+001  1.0000000e+000
  1.4056000e+003  1.5731480e+005  9.8178759e+001  1.0000000e+000
  1.4057000e+003  1.5915700e+005  9.8062201e+001  1.0000000e+000
  1.4058000e+003  1.6069300e+005  9.7992555e+001  1.0000000e+000
  1.4059000e+003  1.4831160e+005  9.8010740e+001  1.0000000e+000
  1.4060000e+003  1.4852100e+005  9.8072472e+001  1.0000000e+000
  1.4061000e+003  1.5168780e+005  9.8005093e+001  1.0000000e+000
  1.4062000e+003  1.5338380e+005  9.7929123e+001  1.0000000e+000
  1.4063000e+003  1.5360220e+005  9.7903822e+001  1.0000000e+000
  1.4064000e+003  1.5601200e+005  9.8037374e+001  1.0000000e+000
  1.4065000e+003  1.5814700e+005  9.8104872e+001  1.0000000e+000
  1.4066000e+003  1.6013380e+005  9.8137349e+001  1.0000000e+000
  1.4067000e+003  1.4775100e+005  9.8096477e+001  1.0000000e+000
  1.4068000e+003  1.4899860e+005  9.7932814e+001  1.0000000e+000
  1.4069000e+003  1.5232260e+005  9.8087569e+001  1.0000000e+000
  1.4070000e+003  1.5330900e+005  9.7904876e+001  1.0000000e+000
  1.4071000e+003  1.5389340e+005  9.7992403e+001  1.0000000e+000
  1.4072000e+003  1.5635540e+005  9.7869236e+001  1.0000000e+000
  1.4073000e+003  1.5850360e+005  9.8137296e+001  1.0000000e+000
  1.4074000e+003  1.5717440e+005  9.8048999e+001  1.0000000e+000
  1.4075000e+003  1.4740600e+005  9.8096387e+001  1.0000000e+000
  1.4076000e+003  1.5062840e+005  9.7990665e+001  1.0000000e+000
  1.4077000e+003  1.5416220e+005  9.8033466e+001  1.0000000e+000
  1.4078000e+003  1.5332760e+005  9.7894915e+001  1.0000000e+000
  1.4079000e+003  1.5524880e+005  9.7872066e+001  1.0000000e+000
  1.4080000e+003  1.5740300e+005  9.7899116e+001  1.0000000e+000
  1.4081000e+003  1.5945220e+005  9.8182466e+001  1.0000000e+000
  1.4082000e+003  1.4791980e+005  9.8038545e+001  1.0000000e+000
  1.4083000e+003  1.4936160e+005  9.7969820e+001  1.0000000e+000
  1.4084000e+003  1.5309360e+005  9.7951136e+001  1.0000000e+000
  1.4085000e+003  1.5335300e+005  9.7895312e+001  1.0000000e+000
  1.4086000e+003  1.5451540e+005  9.8131226e+001  1.0000000e+000
  1.4087000e+003  1.5672740e+005  9.8099003e+001  1.0000000e+000
  1.4088000e+003  1.5875640e+005  9.8046099e+001  1.0000000e+000
  1.4089000e+003  1.5000680e+005  9.8045288e+001  1.0000000e+000
  1.4090000e+003  1.4812800e+005  9.8130250e+001  1.0000000e+000
  1.4091000e+003  1.5236560e+005  9.8113830e+001  1.0000000e+000
  1.4092000e+003  1.5371060e+005  9.8146551e+001  1.0000000e+000
  1.4093000e+003  1.5363680e+005  9.7900244e+001  1.0000000e+000
  1.4094000e+003  1.5594380e+005  9.7936362e+001  1.0000000e+000
  1.4095000e+003  1.5803500e+005  9.8120562e+001  1.0000000e+000
  1.4096000e+003  1.5150020e+005  9.8109400e+001  1.0000000e+000
  1.4097000e+003  1.4794560e+005  9.8109397e+001  1.0000000e+000
  1.4098000e+003  1.5208940e+005  9.8013565e+001  1.0000000e+000
  1.4099000e+003  1.5345980e+005  9.8025575e+001  1.0000000e+000
